// This is   belyi-52-421-3211.m


[* [[5,2],[4,2,1],[3,2,1,1]],
[

/**************** Begin Solution *********************
    passport = [[5,2],[4,2,1],[3,2,1,1]]
    field = Number Field with defining polynomial z^9 - 3*z^8 - 15*z^7 + 85*z^6 - 135*z^5 - 87*z^4 + 251*z^3 + 1215*z^2 - 2670*z + 1070 over the Rational Field
    phi = (1/430811136*(-3949873*w^8 + 472574*w^7 + 60454037*w^6 - 163232828*w^5 + 62172715*w^4 + 543903838*w^3 + 596406155*w^2 - 3128045560*w + 1440307766)*x^7 + 1/102574080*(2441507*w^8 - 86746*w^7 - 37011343*w^6 + 98786932*w^5 - 32089265*w^4 - 327876602*w^3 - 383837905*w^2 + 1870108520*w - 836012290)*x^6 + 1/102574080*(-1849955*w^8 - 341798*w^7 + 27420367*w^6 - 70417780*w^5 + 11311217*w^4 + 234896378*w^3 + 322179985*w^2 - 1311146600*w + 499438210)*x^5 + 1/61544448*(162631*w^8 + 235630*w^7 - 2130371*w^6 + 3853796*w^5 + 5736323*w^4 - 15033394*w^3 - 44626205*w^2 + 70006600*w + 44683750)*x^4)/(x^2 + 1/178080*(-173*w^8 + 224*w^7 + 2757*w^6 - 9948*w^5 + 10215*w^4 + 23448*w^3 + 7595*w^2 - 141980*w - 44490)*x + 1/23520*(5*w^8 - 12*w^7 - 77*w^6 + 380*w^5 - 527*w^4 - 468*w^3 + 365*w^2 + 2900*w + 890))
 *********************** Record **********************/
rec< G0BelyiRecord |
        passport := [[5,2],[4,2,1],[3,2,1,1]],
        p        := 0,
        defpoly  := [1070,-2670,1215,251,-87,-135,85,-15,-3,1],
        coeffs_p := [[0,0,0,0,0,0,0,0,0],[0,0,0,0,0,0,0,0,0],[0,0,0,0,0,0,0,0,0],[0,0,0,0,0,0,0,0,0],[22341875/30772224,8750825/7693056,-44626205/61544448,-7516697/30772224,5736323/61544448,963449/15386112,-2130371/61544448,117815/30772224,23233/8792064],[49943821/10257408,-32778665/2564352,64435997/20514816,117448189/51287040,11311217/102574080,-3520889/5128704,27420367/102574080,-170899/51287040,-369991/20514816],[-83601229/10257408,6678959/366336,-76767581/20514816,-163938301/51287040,-6417853/20514816,24696733/25643520,-37011343/102574080,-43373/51287040,2441507/102574080],[720153883/215405568,-391005695/53851392,596406155/430811136,271951919/215405568,62172715/430811136,-40808207/107702784,8636291/61544448,236287/215405568,-3949873/430811136]],
        coeffs_r := [[89/2352,145/1176,73/4704,-39/1960,-527/23520,19/1176,-11/3360,-1/1960,1/4704],[-1483/5936,-7099/8904,217/5088,977/7420,681/11872,-829/14840,919/59360,1/795,-173/178080],[1,0,0,0,0,0,0,0,0]]
>
/**************** End Solution ***********************/

] *]
