// This is   belyi-43-421-4111.m
//load "format.m";

BelyiRecords_43_421_4111 := function()
records := [ ];
passport := [[4,3],[4,2,1],[4,1,1,1]];

/**************** Begin Solution *********************
    passport = [[4,3],[4,2,1],[4,1,1,1]]
    field = Number Field with defining polynomial z^4 - 2*z^3 + 3*z^2 - 14*z + 7 over the Rational Field
    phi = (1/5145*(-116*w^3 + 6*w^2 - 372*w + 547)*x^7 + 1/735*(79*w^3 - 48*w^2 + 213*w - 461)*x^6 + 1/1225*(-228*w^3 + 273*w^2 - 486*w + 1446)*x^5 + 1/735*(92*w^3 - 177*w^2 + 129*w - 364)*x^4)/(x^3 + 1/35*(w^3 - 6*w^2 - 3*w - 47)*x^2 + 1/245*(27*w^2 + 30*w + 144)*x + 1/25725*(-118*w^3 - 537*w^2 - 1041*w - 2074))
 *********************** Record **********************/
record := rec< G0BelyiRecord |
        passport := [[4,3],[4,2,1],[4,1,1,1]],
        p        := 0,
        defpoly  := [7,-14,3,-2,1],
        coeffs_p := [[0,0,0,0],[0,0,0,0],[0,0,0,0],[0,0,0,0],[-52/105,43/245,-59/245,92/735],[1446/1225,-486/1225,39/175,-228/1225],[-461/735,71/245,-16/245,79/735],[547/5145,-124/1715,2/1715,-116/5145]],
        coeffs_r := [[-2074/25725,-347/8575,-179/8575,-118/25725],[144/245,6/49,27/245,0],[-47/35,-3/35,-6/35,1/35],[1,0,0,0]]>;
Append(~records, record);
/**************** Record *****************************/

return records, passport;
end function;

