// This is   belyi-7-7-322.m
//load "format.m";

BelyiRecords_7_7_322 := function()
records := [ ];
passport := [[7],[7],[3,2,2]];



/**************** Begin Solution *********************
    passport = [[7],[7],[3,2,2]]
    field = Number Field with defining polynomial z^4 + 28*z^2 - 336*z + 700 over the Rational Field
    curve = Hyperelliptic Curve defined by y^2 = 12*x^5 + 3*x^4 + 1/3584000*(-21117*w^3 - 63351*w^2 - 886914*w + 4327050)*x^2 + 1/35840000*(-21117*w^3 - 63351*w^2 - 886914*w + 5420550)*x + 1/50176000000*(808011*w^3 + 2424033*w^2 + 33936462*w - 97653150) over F
    map = (1/3840*(7*w^3 + 21*w^2 + 224*w - 1470)*x^3 + 1/537600*(-174*w^3 - 1057*w^2 - 8778*w + 29050)*x^2 + 1/75264000*(-10831*w^3 - 39983*w^2 - 391532*w + 2169650)*x + 1/501760000*(-1408*w^3 - 2669*w^2 - 35726*w + 317450))/(x^7 + 1/100*(w^3 + 3*w^2 + 42*w - 175)*x^6 + 1/2000*(6*w^3 + 18*w^2 + 252*w - 1275)*x^5 + 1/56000*(13*w^3 + 39*w^2 + 546*w - 3325)*x^4 + 1/1120000*(-4*w^3 - 12*w^2 - 168*w - 275)*x^3 + 1/784000000*(-753*w^3 - 2259*w^2 - 31626*w + 138075)*x^2 + 1/15680000000*(-442*w^3 - 1326*w^2 - 18564*w + 96175)*x + 1/15366400000000*(-2423*w^3 - 7269*w^2 - 101766*w + 656075))*y + (x^7 + 1/100*(w^3 + 3*w^2 + 42*w - 175)*x^6 + 1/2000*(6*w^3 + 18*w^2 + 252*w - 1275)*x^5 + 1/7168000*(-6911*w^3 - 20733*w^2 - 290262*w + 1375150)*x^4 + 1/35840000*(-8703*w^3 - 26109*w^2 - 365526*w + 2502450)*x^3 + 1/50176000000*(3466683*w^3 + 10400049*w^2 + 145600686*w - 580081950)*x^2 + 1/501760000000*(4100981*w^3 + 12302943*w^2 + 172241202*w - 908441150)*x + 1/1966899200000000*(64037731*w^3 + 192113193*w^2 + 2689584702*w - 32456266150))/(x^7 + 1/100*(w^3 + 3*w^2 + 42*w - 175)*x^6 + 1/2000*(6*w^3 + 18*w^2 + 252*w - 1275)*x^5 + 1/56000*(13*w^3 + 39*w^2 + 546*w - 3325)*x^4 + 1/1120000*(-4*w^3 - 12*w^2 - 168*w - 275)*x^3 + 1/784000000*(-753*w^3 - 2259*w^2 - 31626*w + 138075)*x^2 + 1/15680000000*(-442*w^3 - 1326*w^2 - 18564*w + 96175)*x + 1/15366400000000*(-2423*w^3 - 7269*w^2 - 101766*w + 656075))
    igusa = [6561/224,4074381/114688,2994372959481/52613349376,4771960829442585/47141561040896,617673396283947/1034851547969748992]
 **************** Record *****************************/
record := rec< HypBelyiRecord |
        passport := [[7],[7],[3,2,2]],
        defpoly  := [700,-336,28,0,1],
        coeffs_f := [[-279009/143360000,2424033/3584000000,2424033/50176000000,808011/50176000000],[108411/716800,-63351/2560000,-63351/35840000,-21117/35840000],[12363/10240,-63351/256000,-63351/3584000,-21117/3584000],[0,0,0,0],[3,0,0,0],[12,0,0,0]],
        coeffs_h := [],
        coeffs_p := [[-92732189/5619712000000,192113193/140492800000000,192113193/1966899200000000,64037731/1966899200000000],[-18168823/10035200000,12302943/35840000000,12302943/501760000000,4100981/501760000000],[-1657377/143360000,10400049/3584000000,10400049/50176000000,3466683/50176000000],[50049/716800,-26109/2560000,-26109/35840000,-8703/35840000],[3929/20480,-20733/512000,-20733/7168000,-6911/7168000],[-51/80,63/500,9/1000,3/1000],[-7/4,21/50,3/100,1/100],[1,0,0,0]],
        coeffs_q := [[907/1433600,-17863/250880000,-2669/501760000,-11/3920000],[6199/215040,-97883/18816000,-39983/75264000,-10831/75264000],[83/1536,-209/12800,-151/76800,-29/89600],[-49/128,7/120,7/1280,7/3840]],
        coeffs_r := [[3749/87808000000,-7269/1097600000000,-7269/15366400000000,-2423/15366400000000],[3847/627200000,-663/560000000,-663/7840000000,-221/7840000000],[789/4480000,-2259/56000000,-2259/784000000,-753/784000000],[-11/44800,-3/20000,-3/280000,-1/280000],[-19/320,39/4000,39/56000,13/56000],[-51/80,63/500,9/1000,3/1000],[-7/4,21/50,3/100,1/100],[1,0,0,0]]>;
Append(~records, record);
/**************** End Solution ***********************/

return records, passport;
end function;