// This is   belyi-61-43-22111.m
//load "format.m";

BelyiRecords_61_43_22111 := function()
records := [ ];
passport := [[6,1],[4,3],[2,2,1,1,1]];

/**************** Begin Solution *********************
    passport = [[6,1],[4,3],[2,2,1,1,1]]
    field = Number Field with defining polynomial z^6 + 3*z^4 + 16*z^3 + 6*z^2 + 8 over the Rational Field
    phi = (1/224*(888*w^5 - 959*w^4 + 3688*w^3 + 10223*w^2 - 5792*w + 6170)*x^7 + 1/32*(-358*w^5 + 379*w^4 - 1466*w^3 - 4171*w^2 + 2324*w - 2370)*x^6 + 1/32*(340*w^5 - 347*w^4 + 1356*w^3 + 4043*w^2 - 2184*w + 2018)*x^5 + 1/32*(-110*w^5 + 105*w^4 - 418*w^3 - 1353*w^2 + 692*w - 502)*x^4)/(x + 1/28*(-w^5 - w^3 - 18*w^2 + 4*w - 4))
 *********************** Record **********************/
record := rec< G0BelyiRecord |
        passport := [[6,1],[4,3],[2,2,1,1,1]],
        p        := 0,
        defpoly  := [8,0,6,16,3,0,1],
        coeffs_p := [[0,0,0,0,0,0],[0,0,0,0,0,0],[0,0,0,0,0,0],[0,0,0,0,0,0],[-251/16,173/8,-1353/32,-209/16,105/32,-55/16],[1009/16,-273/4,4043/32,339/8,-347/32,85/8],[-1185/16,581/8,-4171/32,-733/16,379/32,-179/16],[3085/112,-181/7,10223/224,461/28,-137/32,111/28]],
        coeffs_r := [[-1/7,1/7,-9/14,-1/28,0,-1/28],[1,0,0,0,0,0]]>;
Append(~records, record);
/**************** Record *****************************/

return records, passport;
end function;


