// This is   belyi-511-43-3211.m
//load "format.m";

BelyiRecords_511_43_3211 := function()
records := [ ];
passport := [[5,1,1],[4,3],[3,2,1,1]];

/**************** Begin Solution *********************
    passport = [[5,1,1],[4,3],[3,2,1,1]]
    field = Number Field with defining polynomial z^5 + z^4 - 36*z^3 - 20*z^2 + 325*z + 45 over the Rational Field
    phi = (1/10752*(935*w^4 + 4860*w^3 - 13320*w^2 - 74020*w - 6633)*x^7 + 1/2560*(-869*w^4 - 4532*w^3 + 12440*w^2 + 68780*w + 3915)*x^6 + 1/512*(225*w^4 + 1188*w^3 - 3256*w^2 - 17980*w - 15)*x^5 + 1/1536*(-289*w^4 - 1572*w^3 + 4280*w^2 + 23740*w - 2225)*x^4)/(x^2 + 1/60*(w^4 + 3*w^3 - 10*w^2 - 45*w - 185)*x + 1/56*(-w^4 - 4*w^3 + 12*w^2 + 60*w + 85))
 *********************** Record **********************/
record := rec< G0BelyiRecord |
        passport := [[5,1,1],[4,3],[3,2,1,1]],
        p        := 0,
        defpoly  := [45,325,-20,-36,1,1],
        coeffs_p := [[0,0,0,0,0],[0,0,0,0,0],[0,0,0,0,0],[0,0,0,0,0],[-2225/1536,5935/384,535/192,-131/128,-289/1536],[-15/512,-4495/128,-407/64,297/128,225/512],[783/512,3439/128,311/64,-1133/640,-869/2560],[-2211/3584,-18505/2688,-555/448,405/896,935/10752]],
        coeffs_r := [[85/56,15/14,3/14,-1/14,-1/56],[-37/12,-3/4,-1/6,1/20,1/60],[1,0,0,0,0]]>;
Append(~records, record);
/**************** Record *****************************/

return records, passport;
end function;

