// This is   belyi-7-7-511.m
//load "format.m";

BelyiRecords_7_7_511 := function()
records := [ ];
passport := [[7],[7],[5,1,1]];



/**************** Begin Solution *********************
    passport = [[7],[7],[5,1,1]]
    field = Number Field with defining polynomial z^4 + 38287*z^2 + 366339600 over the Rational Field
    curve = Hyperelliptic Curve defined by y^2 = 5*x^6 + 4*x^5 + 9*x^4 + 1/91633288063680*(-113832175*w^3 - 6537040313725*w + 396398816512512)*x^3 + 1/458166440318400*(-227664350*w^3 - 13074080627450*w - 710253953738901)*x^2 + 1/5490849887351832960000*(65176888488625*w^3 + 3742913175236267875*w - 3095898741039330553536)*x + 1/13727124718379582400000*(102567722418875*w^3 + 5890156595348734625*w - 164830772737831649097) over F
    map = (1/199740*(686*w^2 + 13132441)*x^3 + 1/91752566400*(-3352825*w^3 + 126048384*w^2 - 64196540275*w + 2413007239104)*x^2 + 1/1145416100796000*(-11161554425*w^3 - 2385426933582*w^2 - 213710282575475*w - 45665420503027017)*x + 1/24990896744640000*(41755885325*w^3 - 7346323268928*w^2 + 799499936317775*w - 140634339498723168))/(x^7 + 1/764604720*(-175*w^3 - 10049725*w + 713631072)*x^6 + 1/3823023600*(-700*w^3 - 40198900*w - 980190981)*x^5 + 1/1832665761273600*(-48963775*w^3 - 2811842706925*w - 617340117823968)*x^4 + 1/9163328806368000*(68282200*w^3 + 3921241899400*w - 636089589283687)*x^3 + 1/3327787810516262400000*(6515652717875*w^3 + 374174388629407625*w - 4834862692471256928)*x^2 + 1/1647254966205549888000000*(169428175501900*w^3 + 9729751834547611300*w + 879618240581015394459)*x + 1/1316090827799586138516480000000*(-704241178667448425*w^3 - 40442458167335560702475*w + 31121688858611852957418336))*y + (x^7 + 1/764604720*(-175*w^3 - 10049725*w + 713631072)*x^6 + 1/7646047200*(-1400*w^3 - 80397800*w + 28251292993)*x^5 + 1/458166440318400*(-604162475*w^3 - 34695238451825*w + 1052560961646348)*x^4 + 1/27489986419104000*(-18736642400*w^3 - 1075989163104800*w - 112885781153651121)*x^3 + 1/109816997747036659200000*(19117012535124875*w^3 + 1097832678854616196625*w - 198063651642793195437024)*x^2 + 1/1647254966205549888000000*(116133390961081900*w^3 + 6669192242722050271300*w + 63007913226339237061059)*x + 1/1316090827799586138516480000000*(1820779079646117861575*w^3 + 104561880206837610436667525*w + 35343663053881394996577331296))/(x^7 + 1/764604720*(-175*w^3 - 10049725*w + 713631072)*x^6 + 1/3823023600*(-700*w^3 - 40198900*w - 980190981)*x^5 + 1/1832665761273600*(-48963775*w^3 - 2811842706925*w - 617340117823968)*x^4 + 1/9163328806368000*(68282200*w^3 + 3921241899400*w - 636089589283687)*x^3 + 1/3327787810516262400000*(6515652717875*w^3 + 374174388629407625*w - 4834862692471256928)*x^2 + 1/1647254966205549888000000*(169428175501900*w^3 + 9729751834547611300*w + 879618240581015394459)*x + 1/1316090827799586138516480000000*(-704241178667448425*w^3 - 40442458167335560702475*w + 31121688858611852957418336))
    igusa = [-3195168265625/191252173018176,500245912037196457275390625/7900717035781654846536895266816,38589215267475802602102960384368896484375/81595582280728038492040625558901987575032971264,-743442116581968218074441924788598161518573760986328125/249685318717961834994638810720810800446442541232805695323111424,-92918174668221303386712193372423158118921492132358253002166748046875/15471926567276921958286372029126474685615800089543155789952985342498780978610176]
 **************** Record *****************************/
record := rec< HypBelyiRecord |
        passport := [[7],[7],[5,1,1]],
        defpoly  := [366339600,0,38287,0,1],
        coeffs_f := [[-172236962108497021/14343912976363200000,47121252762789877/109816997747036659200,0,820541779351/109816997747036659200],[-5061273263261/8976615210000,29943305401890143/43926799098814663680,0,521415107909/43926799098814663680],[-247389046931/159584270400,-261481612549/9163328806368,0,-4553287/9163328806368],[584/135,-1307408062745/18326657612736,0,-22766435/18326657612736],[9,0,0,0],[4,0,0,0],[5,0,0,0]],
        coeffs_h := [],
        coeffs_p := [[346685635035198922751/12909521678726880000000,4182475208273504417466701/52643633111983445540659200000,0,72831163185844714463/52643633111983445540659200000],[65838989787188335487/1721269557163584000000,66691922427220502713/16472549662055498880000,0,1161333909610819/16472549662055498880000],[-1942804364745419/1077193825200000,8782661430836929573/878535981976293273600,0,152936100280999/878535981976293273600],[-117957974037253/28725168672000,-1344986453881/34362483023880,0,-23420803/34362483023880],[82596479/35953200,-1387809538073/18326657612736,0,-24166499/18326657612736],[88562047/23968800,-401989/38230236,0,-7/38230236],[14/15,-2009945/152920944,0,-35/152920944],[1,0,0,0]],
        coeffs_q := [[-16838402717759/2992205070000,31979997452711/999635869785600,-439794257/1496102535000,1670235413/999635869785600],[-47717262803581/1196882028000,-2567861611/13762884960,-1246304563/598441014000,-134113/13762884960],[13132441/499350,-2567861611/3670102656,343/249675,-134113/3670102656],[13132441/199740,0,343/99870,0]],
        coeffs_r := [[305272332663063991/12909521678726880000000,-1617698326693422428099/52643633111983445540659200000,0,-28169647146697937/52643633111983445540659200000],[102126813024615743/191252173018176000000,97297518345476113/16472549662055498880000,0,1694281755019/16472549662055498880000],[-521676314173/359064608400000,2993395109035261/26622302484130099200,0,52125221743/26622302484130099200],[-1994011251673/28725168672000,19606209497/45816644031840,0,341411/45816644031840],[-6055483/17976600,-112473708277/73306630450944,0,-1958551/73306630450944],[-341411/1331600,-401989/38230236,0,-7/38230236],[14/15,-2009945/152920944,0,-35/152920944],[1,0,0,0]]>;
Append(~records, record);
/**************** End Solution ***********************/

return records, passport;
end function;