// This is   belyi-7-3211-2221.m
//load "format.m";

BelyiRecords_7_3211_2221 := function()
records := [ ];
passport := [[7],[3,2,1,1],[2,2,2,1]];

/**************** Begin Solution *********************
    passport = [[7],[3,2,1,1],[2,2,2,1]]
    field = Number Field with defining polynomial z^9 + 2*z^8 + z^7 - 16*z^6 - 5*z^5 + 26*z^4 + 15*z^3 - 18*z^2 - 6*z + 6 over the Rational Field
    phi = 1/17037000000*(114246383629*w^8 + 93617388200*w^7 - 39109473396*w^6 - 1787856766822*w^5 + 1560166943524*w^4 + 1784048410256*w^3 - 1423932586902*w^2 - 373917683118*w + 353979434437)*x^7 + 1/17037000000*(-285138062433*w^8 - 262019197650*w^7 + 86809884742*w^6 + 4475102053044*w^5 - 3451585070598*w^4 - 5025285405462*w^3 + 3394634034204*w^2 + 1269613684836*w - 949954526899)*x^6 + 1/5679000000*(73109462993*w^8 + 86263076900*w^7 - 11715436432*w^6 - 1151217591874*w^5 + 591659850208*w^4 + 1627016380052*w^3 - 748365859234*w^2 - 517118750106*w + 281243581829)*x^5 + 1/681480000*(-1609125007*w^8 - 4239616850*w^7 - 1347965682*w^6 + 25337058376*w^5 + 22565133458*w^4 - 72897428198*w^3 + 80936016*w^2 + 31581687144*w - 12185065921)*x^4 + 1/3407400*(-1641717*w^8 + 3120600*w^7 + 4229008*w^6 + 26596206*w^5 - 89537952*w^4 + 36524712*w^3 + 54474546*w^2 - 26776386*w + 14781599)*x^3
 *********************** Record **********************/
record := rec< G0BelyiRecord |
        passport := [[7],[3,2,1,1],[2,2,2,1]],
        p        := 0,
        defpoly  := [6,-6,-18,15,26,-5,-16,1,2,1],
        coeffs_p := [[0,0,0,0,0,0,0,0,0],[0,0,0,0,0,0,0,0,0],[0,0,0,0,0,0,0,0,0],[14781599/3407400,-495859/63100,9079091/567900,1521863/141975,-3730748/141975,1477567/189300,528626/425925,5201/5679,-182413/378600],[-12185065921/681480000,1315903631/28395000,1686167/14197500,-36448714099/340740000,11282566729/340740000,3167132297/85185000,-224660947/113580000,-84792337/13629600,-1609125007/681480000],[281243581829/5679000000,-86186458351/946500000,-374182929617/2839500000,406754095013/1419750000,18489370319/177468750,-575608795937/2839500000,-732214777/354937500,862630769/56790000,73109462993/5679000000],[-949954526899/17037000000,11755682267/157750000,31431796613/157750000,-837547567577/2839500000,-575264178433/2839500000,372925171087/1419750000,43404942371/8518500000,-1746794651/113580000,-10560668979/631000000],[353979434437/17037000000,-62319613853/2839500000,-79107365939/946500000,111503025641/1064812500,390041735881/4259250000,-893928383411/8518500000,-1086374261/473250000,468086941/85185000,11424638362\
9/17037000000]],
        coeffs_r := [[1,0,0,0,0,0,0,0,0]]>;
Append(~records, record);
/**************** Record *****************************/

return records, passport;
end function;


