// This is   belyi-43-331-3211.m


[* [[4,3],[3,3,1],[3,2,1,1]],
[

/**************** Begin Solution *********************
    passport = [[4,3],[3,3,1],[3,2,1,1]]
    field = Number Field with defining polynomial z^8 - 10*z^6 + 21*z^4 + 28*z^2 - 28 over the Rational Field
    phi = (1/37044*(1147*w^7 - 424*w^6 - 13299*w^5 + 9150*w^4 + 25836*w^3 - 25224*w^2 + 69580*w - 56284)*x^7 + 1/5292*(-910*w^7 + 412*w^6 + 9393*w^5 - 7080*w^4 - 15369*w^3 + 17538*w^2 - 47698*w + 37516)*x^6 + 1/1764*(617*w^7 - 368*w^6 - 5817*w^5 + 4998*w^4 + 8076*w^3 - 11064*w^2 + 28196*w - 21944)*x^5 + 1/5292*(-1639*w^7 + 1330*w^6 + 14415*w^5 - 14532*w^4 - 17448*w^3 + 28392*w^2 - 64708*w + 52528)*x^4 + 1/756*(73*w^7 - 88*w^6 - 645*w^5 + 762*w^4 + 816*w^3 - 1176*w^2 + 2716*w - 2200)*x^3)/(x^3 + 1/28*(-3*w^5 + 9*w^3 + 6*w^2 + 42*w - 60)*x^2 + 1/196*(-3*w^7 + 39*w^5 - 18*w^4 - 48*w^3 + 24*w^2 - 420*w + 384)*x + 1/1372*(15*w^7 - 10*w^6 - 141*w^5 + 132*w^4 + 106*w^3 - 228*w^2 + 1176*w - 920))
 *********************** Record **********************/
rec< G0BelyiRecord |
        passport := [[4,3],[3,3,1],[3,2,1,1]],
        p        := 0,
        defpoly  := [-28,0,28,0,21,0,-10,0,1],
        coeffs_p := [[0,0,0,0,0,0,0,0],[0,0,0,0,0,0,0,0],[0,0,0,0,0,0,0,0],[-550/189,97/27,-14/9,68/63,127/126,-215/252,-22/189,73/756],[268/27,-2311/189,338/63,-1454/441,-173/63,4805/1764,95/378,-1639/5292],[-5486/441,1007/63,-922/147,673/147,17/6,-277/84,-92/441,617/1764],[9379/1323,-3407/378,2923/882,-5123/1764,-590/441,3131/1764,103/1323,-65/378],[-14071/9261,355/189,-2102/3087,2153/3087,1525/6174,-4433/12348,-106/9261,1147/37044]],
        coeffs_r := [[-230/343,6/7,-57/343,53/686,33/343,-141/1372,-5/686,15/1372],[96/49,-15/7,6/49,-12/49,-9/98,39/196,0,-3/196],[-15/7,3/2,3/14,9/28,0,-3/28,0,0],[1,0,0,0,0,0,0,0]]
>
/**************** End Solution ***********************/

] *]
