// This is   belyi-43-43-22111.m
//load "format.m";

BelyiRecords_43_43_22111 := function()
records := [ ];
passport := [[4,3],[4,3],[2,2,1,1,1]];

/**************** Begin Solution *********************
    passport = [[4,3],[4,3],[2,2,1,1,1]]
    field = Number Field with defining polynomial z^4 + 14*z^2 + 21 over the Rational Field
    phi = (1/9261*(475*w^3 + 187*w^2 + 5955*w + 204)*x^7 + 1/1764*(-241*w^3 + 47*w^2 - 3417*w + 1767)*x^6 + 1/126*(11*w^3 - 25*w^2 + 201*w - 285)*x^5 + 1/108*(-w^3 + 17*w^2 - 33*w + 129)*x^4)/(x^3 + 1/28*(-3*w^3 - 3*w^2 - 27*w - 75)*x^2 + 1/98*(15*w^3 + 15*w^2 + 153*w + 195)*x + 1/1372*(-73*w^3 - 55*w^2 - 825*w - 487))
 *********************** Record **********************/
record := rec< G0BelyiRecord |
        passport := [[4,3],[4,3],[2,2,1,1,1]],
        p        := 0,
        defpoly  := [21,0,14,0,1],
        coeffs_p := [[0,0,0,0],[0,0,0,0],[0,0,0,0],[0,0,0,0],[43/36,-11/36,17/108,-1/108],[-95/42,67/42,-25/126,11/126],[589/588,-1139/588,47/1764,-241/1764],[68/3087,1985/3087,187/9261,475/9261]],
        coeffs_r := [[-487/1372,-825/1372,-55/1372,-73/1372],[195/98,153/98,15/98,15/98],[-75/28,-27/28,-3/28,-3/28],[1,0,0,0]]>;
Append(~records, record);
/**************** Record *****************************/

return records, passport;
end function;

