// This is   belyi-52-511-3211.m


[* [[5,2],[5,1,1],[3,2,1,1]],
[

/**************** Begin Solution *********************
    passport = [[5,2],[5,1,1],[3,2,1,1]]
    field = Number Field with defining polynomial z^7 + z^6 - 6*z^5 - 2*z^4 + 16*z^3 - 8*z + 10 over the Rational Field
    phi = (1/2499*(-315*w^6 - 820*w^5 + 995*w^4 + 3090*w^3 - 410*w^2 - 830*w + 2184)*x^7 + 1/357*(121*w^6 + 288*w^5 - 393*w^4 - 1038*w^3 + 178*w^2 + 226*w - 661)*x^6 + 1/119*(-29*w^6 - 62*w^5 + 97*w^4 + 210*w^3 - 48*w^2 - 30*w + 124)*x^5)/(x^2 + 1/357*(-24*w^6 - 22*w^5 + 92*w^4 + 12*w^3 - 62*w^2 + 76*w - 636)*x + 1/2499*(91*w^6 + 48*w^5 - 363*w^4 + 150*w^3 + 262*w^2 - 410*w + 2114))
 *********************** Record **********************/
rec< G0BelyiRecord |
        passport := [[5,2],[5,1,1],[3,2,1,1]],
        p        := 0,
        defpoly  := [10,-8,0,16,-2,-6,1,1],
        coeffs_p := [[0,0,0,0,0,0,0],[0,0,0,0,0,0,0],[0,0,0,0,0,0,0],[0,0,0,0,0,0,0],[0,0,0,0,0,0,0],[124/119,-30/119,-48/119,30/17,97/119,-62/119,-29/119],[-661/357,226/357,178/357,-346/119,-131/119,96/119,121/357],[104/119,-830/2499,-410/2499,1030/833,995/2499,-820/2499,-15/119]],
        coeffs_r := [[302/357,-410/2499,262/2499,50/833,-121/833,16/833,13/357],[-212/119,76/357,-62/357,4/119,92/357,-22/357,-8/119],[1,0,0,0,0,0,0]]
>
/**************** End Solution ***********************/

] *]
