// This is   belyi-511-421-331.m
//load "format.m";

BelyiRecords_511_421_331 := function()
records := [ ];
passport := [[5,1,1],[4,2,1],[3,3,1]];

/**************** Begin Solution *********************
    passport = [[5,1,1],[4,2,1],[3,3,1]]
    field = Number Field with defining polynomial z^10 - 4*z^9 - 4*z^8 + 36*z^7 - z^6 - 200*z^5 + 316*z^4 - 84*z^3 - 179*z^2 + 164*z - 46 over the Rational Field
    phi = (1/18144*(14471*w^9 - 35287*w^8 - 114302*w^7 + 344506*w^6 + 535828*w^5 - 2077876*w^4 + 1259635*w^3 + 878251*w^2 - 1212742*w + 401070)*x^7 + 1/4320*(-13021*w^9 + 34133*w^8 + 99346*w^7 - 332234*w^6 - 447020*w^5 + 1992152*w^4 - 1356785*w^3 - 800621*w^2 + 1228178*w - 429522)*x^6 + 1/4320*(15847*w^9 - 44123*w^8 - 117130*w^7 + 428444*w^6 + 506204*w^5 - 2557046*w^4 + 1891835*w^3 + 984257*w^2 - 1640558*w + 595986)*x^5 + 1/2592*(-3551*w^9 + 10567*w^8 + 25262*w^7 - 102346*w^6 - 103588*w^5 + 607756*w^4 - 486475*w^3 - 222451*w^2 + 404662*w - 151806)*x^4)/(x^2 + 1/720*(259*w^9 - 697*w^8 - 1944*w^7 + 6781*w^6 + 8560*w^5 - 40623*w^4 + 29115*w^3 + 16384*w^2 - 26202*w + 8428)*x + 1/1680*(-467*w^9 + 1323*w^8 + 3410*w^7 - 12844*w^6 - 14484*w^5 + 76626*w^4 - 58535*w^3 - 29677*w^2 + 50758*w - 17866))
 *********************** Record **********************/
record := rec< G0BelyiRecord |
        passport := [[5,1,1],[4,2,1],[3,3,1]],
        p        := 0,
        defpoly  := [-46,164,-179,-84,316,-200,-1,36,-4,-4,1],
        coeffs_p := [[0,0,0,0,0,0,0,0,0,0],[0,0,0,0,0,0,0,0,0,0],[0,0,0,0,0,0,0,0,0,0],[0,0,0,0,0,0,0,0,0,0],[-25301/432,202331/1296,-222451/2592,-486475/2592,151939/648,-25897/648,-51173/1296,12631/1296,10567/2592,-3551/2592],[99331/720,-820279/2160,984257/4320,378367/864,-1278523/2160,126551/1080,107111/1080,-11713/432,-44123/4320,15847/4320],[-71587/720,614089/2160,-800621/4320,-271357/864,249019/540,-22351/216,-166117/2160,49673/2160,34133/4320,-13021/4320],[66845/3024,-606371/9072,878251/18144,1259635/18144,-519469/4536,133957/4536,172253/9072,-57151/9072,-5041/2592,14471/18144]],
        coeffs_r := [[-8933/840,25379/840,-29677/1680,-11707/336,12771/280,-1207/140,-3211/420,341/168,63/80,-467/1680],[2107/180,-4367/120,1024/45,647/16,-13541/240,107/9,6781/720,-27/10,-697/720,259/720],[1,0,0,0,0,0,0,0,0,0]]>;
Append(~records, record);
/**************** Record *****************************/

return records, passport;
end function;

