// This is   belyi-6-51-222.m
//load "format.m";

BelyiRecords_6_51_222 := function()
records := [ ];
passport := [[6],[5,1],[2,2,2]];



/**************** Begin Solution *********************
    passport = [[6],[5,1],[2,2,2]]
    field = Number Field with defining polynomial z^6 + 20 over the Rational Field
    curve = Hyperelliptic Curve defined by y^2 = x^3 + 1679/30000*w^4*x + 36631/675000 over F
    map = (9/5*w*x - 3/100*w^3)*y + x^3 + 73/100*w^2*x^2 + 1189/30000*w^4*x + 78731/1350000
    j = 4733169839/3515625
 **************** Record *****************************/
record := rec< HypBelyiRecord |
        passport := [[6],[5,1],[2,2,2]],
        defpoly  := [20,0,0,0,0,0,1],
        coeffs_f := [[36631/675000,0,0,0,0,0],[0,0,0,0,1679/30000,0],[0,0,0,0,0,0],[1,0,0,0,0,0]],
        coeffs_h := [],
        coeffs_p := [[78731/1350000,0,0,0,0,0],[0,0,0,0,1189/30000,0],[0,0,73/100,0,0,0],[1,0,0,0,0,0]],
        coeffs_q := [[0,0,0,-3/100,0,0],[0,9/5,0,0,0,0]],
        coeffs_r := [[1,0,0,0,0,0]]>;
Append(~records, record);
/**************** End Solution ***********************/

/**************** Begin Solution *********************
    passport = [[6],[5,1],[2,2,2]]
    field = Number Field with defining polynomial z^6 - 30*z^4 - 60*z^2 - 30 over the Rational Field
    curve = Hyperelliptic Curve defined by y^2 = x^3 + 1/15120*(5037*w^4 - 154468*w^2 - 167900)*x - 36631/58320 over F
    map = (1/35*(-12*w^5 + 368*w^3 + 456*w)*x^2 + 1/1575*(752*w^5 - 23500*w^3 - 14100*w)*x + 1/4050*(589*w^5 - 18259*w^3 - 17670*w))/(x^6 + 1/210*(116*w^4 - 3625*w^2 - 3190)*x^5 + 1/3024*(2523*w^4 - 77372*w^2 - 84100)*x^4 - 24389/5832*x^3 + 1/9797760*(-2829124*w^4 + 88410125*w^2 + 77800910)*x^2 + 1/881798400*(-61533447*w^4 + 1887025708*w^2 + 2051114900)*x + 594823321/13604889600)*y + (4*x^3 + 1/105*(116*w^4 - 3625*w^2 - 3190)*x^2 + 1/18900*(-2937*w^4 + 90068*w^2 + 97900)*x + 95783/145800)/(x^6 + 1/210*(116*w^4 - 3625*w^2 - 3190)*x^5 + 1/3024*(2523*w^4 - 77372*w^2 - 84100)*x^4 - 24389/5832*x^3 + 1/9797760*(-2829124*w^4 + 88410125*w^2 + 77800910)*x^2 + 1/881798400*(-61533447*w^4 + 1887025708*w^2 + 2051114900)*x + 594823321/13604889600)
    j = 4733169839/3515625
 **************** Record *****************************/
record := rec< HypBelyiRecord |
        passport := [[6],[5,1],[2,2,2]],
        defpoly  := [-30,0,-60,0,-30,0,1],
        coeffs_f := [[-36631/58320,0,0,0,0,0],[-8395/756,0,-38617/3780,0,1679/5040,0],[0,0,0,0,0,0],[1,0,0,0,0,0]],
        coeffs_h := [],
        coeffs_p := [[95783/145800,0,0,0,0,0],[979/189,0,22517/4725,0,-979/6300,0],[-638/21,0,-725/21,0,116/105,0],[4,0,0,0,0,0]],
        coeffs_q := [[0,-589/135,0,-18259/4050,0,589/4050],[0,-188/21,0,-940/63,0,752/1575],[0,456/35,0,368/35,0,-12/35]],
        coeffs_r := [[594823321/13604889600,0,0,0,0,0],[20511149/8817984,0,471756427/220449600,0,-20511149/293932800,0],[7780091/979776,0,17682025/1959552,0,-707281/2449440,0],[-24389/5832,0,0,0,0,0],[-21025/756,0,-19343/756,0,841/1008,0],[-319/21,0,-725/42,0,58/105,0],[1,0,0,0,0,0]]>;
Append(~records, record);
/**************** End Solution ***********************/

/**************** Begin Solution *********************
    passport = [[6],[5,1],[2,2,2]]
    field = Number Field with defining polynomial z^2 + 2490 over the Rational Field
    curve = Hyperelliptic Curve defined by y^2 = x^3 + 41975/964239552*x + 4578875/77790990097152 over F
    map = (-6/83*w*x^4 + 11180/186003*w*x^3 - 27726775/6669323568*w*x^2 + 10189937875/269027174085984*w*x - 7800262838125/115754860248324507648*w)/(x^6 + 1945/8964*x^5 + 18915125/964239552*x^4 + 36789918125/38895495048576*x^3 + 71556390753125/2789273740923482112*x^2 + 27835436002965625/75009149440914280955904*x + 54139923025768140625/24205752561180802121594044416)*y + (5*x^5 - 4514125/4464072*x^4 + 3137151875/120047824224*x^3 - 625447103125/6456652178063616*x^2 + 574269218796875/694529161489947045888*x + 25415108855734375/37354556421575311916040192)/(x^6 + 1945/8964*x^5 + 18915125/964239552*x^4 + 36789918125/38895495048576*x^3 + 71556390753125/2789273740923482112*x^2 + 27835436002965625/75009149440914280955904*x + 54139923025768140625/24205752561180802121594044416)
    j = 4733169839/3515625
 **************** Record *****************************/
record := rec< HypBelyiRecord |
        passport := [[6],[5,1],[2,2,2]],
        defpoly  := [2490,0,1],
        coeffs_f := [[4578875/77790990097152,0],[41975/964239552,0],[0,0],[1,0]],
        coeffs_h := [],
        coeffs_p := [[25415108855734375/37354556421575311916040192,0],[574269218796875/694529161489947045888,0],[-625447103125/6456652178063616,0],[3137151875/120047824224,0],[-4514125/4464072,0],[5,0]],
        coeffs_q := [[0,-7800262838125/115754860248324507648],[0,10189937875/269027174085984],[0,-27726775/6669323568],[0,11180/186003],[0,-6/83]],
        coeffs_r := [[54139923025768140625/24205752561180802121594044416,0],[27835436002965625/75009149440914280955904,0],[71556390753125/2789273740923482112,0],[36789918125/38895495048576,0],[18915125/964239552,0],[1945/8964,0],[1,0]]>;
Append(~records, record);
/**************** End Solution ***********************/

/**************** Begin Solution *********************
    passport = [[6],[5,1],[2,2,2]]
    field = Number Field with defining polynomial z^2 - z + 21 over the Rational Field
    curve = Hyperelliptic Curve defined by y^2 = x^3 + 1679/26784432*x + 36631/360143472672 over F
    map = (1/83*(-72*w + 36)*x^4 + 1/20667*(17888*w - 8944)*x^3 + 1/30876498*(-2218142*w + 1109071)*x^2 + 1/207582696054*(163039006*w - 81519503)*x + 1/14886170299424448*(-24960841082*w + 12480420541))/(x^6 + 389/1494*x^5 + 756605/26784432*x^4 + 294319345/180071736336*x^3 + 114490225205/2152217392687872*x^2 + 8907339520949/9646238354027042304*x + 3464955073649161/518813283632990443278336)*y + (6*x^5 - 180565/124002*x^4 + 25097215/555776964*x^3 - 1000715365/4981984705296*x^2 + 183766150015/89317021796546688*x + 1626566966767/800637783384244511232)/(x^6 + 389/1494*x^5 + 756605/26784432*x^4 + 294319345/180071736336*x^3 + 114490225205/2152217392687872*x^2 + 8907339520949/9646238354027042304*x + 3464955073649161/518813283632990443278336)
    j = 4733169839/3515625
 **************** Record *****************************/
record := rec< HypBelyiRecord |
        passport := [[6],[5,1],[2,2,2]],
        defpoly  := [21,-1,1],
        coeffs_f := [[36631/360143472672,0],[1679/26784432,0],[0,0],[1,0]],
        coeffs_h := [],
        coeffs_p := [[1626566966767/800637783384244511232,0],[183766150015/89317021796546688,0],[-1000715365/4981984705296,0],[25097215/555776964,0],[-180565/124002,0],[6,0]],
        coeffs_q := [[12480420541/14886170299424448,-12480420541/7443085149712224],[-81519503/207582696054,81519503/103791348027],[1109071/30876498,-1109071/15438249],[-8944/20667,17888/20667],[36/83,-72/83]],
        coeffs_r := [[3464955073649161/518813283632990443278336,0],[8907339520949/9646238354027042304,0],[114490225205/2152217392687872,0],[294319345/180071736336,0],[756605/26784432,0],[389/1494,0],[1,0]]>;
Append(~records, record);
/**************** End Solution ***********************/

/**************** Begin Solution *********************
    passport = [[6],[5,1],[2,2,2]]
    field = Number Field with defining polynomial z^6 + 10 over the Rational Field
    curve = Hyperelliptic Curve defined by y^2 = x^3 + 1679/30000*w^4*x + 36631/1350000 over F
    map = (-18/5*w*x + 3/50*w^3)*y + 2*x^3 + 73/50*w^2*x^2 + 1189/15000*w^4*x + 78731/1350000
    j = 4733169839/3515625
 **************** Record *****************************/
