// This is   belyi-421-331-322.m
//load "format.m";

BelyiRecords_421_331_322 := function()
records := [ ];
passport := [[4,2,1],[3,3,1],[3,2,2]];

/**************** Begin Solution *********************
    passport = [[4,2,1],[3,3,1],[3,2,2]]
    field = Number Field with defining polynomial z^6 - 3*z^5 + 3*z^3 - 9*z^2 + 18*z + 18 over the Rational Field
    phi = (1/2205*(2319*w^5 - 8612*w^4 + 6139*w^3 + 2541*w^2 - 22506*w + 57863)*x^7 + 1/945*(-3671*w^5 + 13646*w^4 - 9793*w^3 - 3969*w^2 + 35796*w - 91761)*x^6 + 1/63*(339*w^5 - 1256*w^4 + 903*w^3 + 357*w^2 - 3330*w + 8475)*x^5 + 1/27*(-91*w^5 + 334*w^4 - 241*w^3 - 81*w^2 + 888*w - 2241)*x^4 + 1/27*(21*w^5 - 79*w^4 + 59*w^3 + 12*w^2 - 198*w + 528)*x^3)/(x^3 + 1/315*(-83*w^5 + 209*w^4 - 203*w^3 + 378*w^2 + 192*w - 801)*x^2 + 1/945*(319*w^5 - 949*w^4 + 1057*w^3 - 1764*w^2 - 114*w + 2319)*x + 1/1323*(-157*w^5 + 507*w^4 - 609*w^3 + 966*w^2 - 156*w - 915))
 *********************** Record **********************/
record := rec< G0BelyiRecord |
        passport := [[4,2,1],[3,3,1],[3,2,2]],
        p        := 0,
        defpoly  := [18,18,-9,3,0,-3,1],
        coeffs_p := [[0,0,0,0,0,0],[0,0,0,0,0,0],[0,0,0,0,0,0],[176/9,-22/3,4/9,59/27,-79/27,7/9],[-83,296/9,-3,-241/27,334/27,-91/27],[2825/21,-370/7,17/3,43/3,-1256/63,113/21],[-30587/315,11932/315,-21/5,-1399/135,13646/945,-3671/945],[57863/2205,-7502/735,121/105,877/315,-8612/2205,773/735]],
        coeffs_r := [[-305/441,-52/441,46/63,-29/63,169/441,-157/1323],[773/315,-38/315,-28/15,151/135,-949/945,319/945],[-89/35,64/105,6/5,-29/45,209/315,-83/315],[1,0,0,0,0,0]]>;
Append(~records, record);
/**************** Record *****************************/

return records, passport;
end function;

