// This is   belyi-511-421-421.m
//load "format.m";

BelyiRecords_511_421_421 := function()
records := [ ];
passport := [[5,1,1],[4,2,1],[4,2,1]];

/**************** Begin Solution *********************
    passport = [[5,1,1],[4,2,1],[4,2,1]]
    field = Number Field with defining polynomial z^3 + 2*z + 2 over the Rational Field
    phi = (1/7*(-20*w^2 + 12)*x^7 + (10*w^2 - 6)*x^6 + (-12*w^2 + 7)*x^5 + 1/2*(10*w^2 - 5)*x^4)/(x^2 - x + 1/14*(2*w^2 + 3))
 *********************** Record **********************/
record := rec< G0BelyiRecord |
        passport := [[5,1,1],[4,2,1],[4,2,1]],
        p        := 0,
        defpoly  := [2,2,0,1],
        coeffs_p := [[0,0,0],[0,0,0],[0,0,0],[0,0,0],[-5/2,0,5],[7,0,-12],[-6,0,10],[12/7,0,-20/7]],
        coeffs_r := [[3/14,0,1/7],[-1,0,0],[1,0,0]]>;
Append(~records, record);
/**************** Record *****************************/

/**************** Begin Solution *********************
    passport = [[5,1,1],[4,2,1],[4,2,1]]
    field = Number Field with defining polynomial z^8 - 2*z^7 - 6*z^6 + 10*z^5 + 16*z^4 - 24*z^3 - 30*z^2 + 60*z - 30 over the Rational Field
    phi = (1/22029*(9740*w^7 - 8495*w^6 - 72030*w^5 + 13605*w^4 + 194800*w^3 + 17410*w^2 - 293830*w + 210609)*x^7 + 1/6294*(-10036*w^7 + 8611*w^6 + 74191*w^5 - 13019*w^4 - 200720*w^3 - 19826*w^2 + 304892*w - 212508)*x^6 + 1/2098*(4192*w^7 - 3514*w^6 - 30973*w^5 + 4856*w^4 + 83840*w^3 + 9380*w^2 - 128594*w + 85723)*x^5 + 1/12588*(-11220*w^7 + 9075*w^6 + 82835*w^5 - 10675*w^4 - 224400*w^3 - 29490*w^2 + 349140*w - 213810)*x^4)/(x^2 + 1/6294*(-296*w^7 + 116*w^6 + 2161*w^5 + 586*w^4 - 5920*w^3 - 2416*w^2 + 11062*w - 8193)*x + 1/88116*(124*w^7 + 887*w^6 - 721*w^5 - 6823*w^4 + 2480*w^3 + 13430*w^2 - 18668*w - 2394))
 *********************** Record **********************/
record := rec< G0BelyiRecord |
        passport := [[5,1,1],[4,2,1],[4,2,1]],
        p        := 0,
        defpoly  := [-30,60,-30,-24,16,10,-6,-2,1],
        coeffs_p := [[0,0,0,0,0,0,0,0],[0,0,0,0,0,0,0,0],[0,0,0,0,0,0,0,0],[0,0,0,0,0,0,0,0],[-35635/2098,29095/1049,-4915/2098,-18700/1049,-10675/12588,82835/12588,3025/4196,-935/1049],[85723/2098,-64297/1049,4690/1049,41920/1049,2428/1049,-30973/2098,-1757/1049,2096/1049],[-35418/1049,152446/3147,-9913/3147,-100360/3147,-13019/6294,74191/6294,8611/6294,-5018/3147],[10029/1049,-293830/22029,17410/22029,194800/22029,4535/7343,-3430/1049,-8495/22029,9740/22029]],
        coeffs_r := [[-57/2098,-4667/22029,6715/44058,620/22029,-6823/88116,-103/12588,887/88116,31/22029],[-2731/2098,5531/3147,-1208/3147,-2960/3147,293/3147,2161/6294,58/3147,-148/3147],[1,0,0,0,0,0,0,0]]>;
Append(~records, record);
/**************** Record *****************************/

return records, passport;
end function;

