// This is   belyi-33-33-33.m
//load "format.m";

BelyiRecords_33_33_33 := function()
records := [ ];
passport := [[3,3],[3,3],[3,3]];



/**************** Begin Solution *********************
    passport = [[3,3],[3,3],[3,3]]
    field = Number Field with defining polynomial z^4 - 3*z^2 + 3 over the Rational Field
    curve = Hyperelliptic Curve defined by y^2 = x^3 + 5*x + 1/9*(-44*w^2 + 66) over F
    map = ((8*w^3 - 12*w)*x^4 + (-16*w^3 + 56*w)*x^3 + (-64*w^3 + 48*w)*x^2 + 1/3*(240*w^3 - 488*w)*x + 1/9*(56*w^3 + 252*w))/(x^6 + (4*w^2 + 6)*x^5 + (16*w^2 + 31)*x^4 + 1/9*(-328*w^2 + 2004)*x^3 + 1/3*(-704*w^2 + 1853)*x^2 + 1/9*(-4508*w^2 + 6966)*x + 1/27*(-2736*w^2 - 901))*y + (2*x^6 + (-16*w^2 + 12)*x^5 + (80*w^2 - 130)*x^4 + 1/9*(-800*w^2 + 2280)*x^3 + 1/3*(-160*w^2 - 230)*x^2 + 1/9*(944*w^2 - 1044)*x + 1/27*(-720*w^2 + 1366))/(x^6 + (4*w^2 + 6)*x^5 + (16*w^2 + 31)*x^4 + 1/9*(-328*w^2 + 2004)*x^3 + 1/3*(-704*w^2 + 1853)*x^2 + 1/9*(-4508*w^2 + 6966)*x + 1/27*(-2736*w^2 - 901))
    j = 54000
 **************** Record *****************************/
record := rec< HypBelyiRecord |
        passport := [[3,3],[3,3],[3,3]],
        defpoly  := [3,0,-3,0,1],
        coeffs_f := [[22/3,0,-44/9,0],[5,0,0,0],[0,0,0,0],[1,0,0,0]],
        coeffs_h := [],
        coeffs_p := [[1366/27,0,-80/3,0],[-116,0,944/9,0],[-230/3,0,-160/3,0],[760/3,0,-800/9,0],[-130,0,80,0],[12,0,-16,0],[2,0,0,0]],
        coeffs_q := [[0,28,0,56/9],[0,-488/3,0,80],[0,48,0,-64],[0,56,0,-16],[0,-12,0,8]],
        coeffs_r := [[-901/27,0,-304/3,0],[774,0,-4508/9,0],[1853/3,0,-704/3,0],[668/3,0,-328/9,0],[31,0,16,0],[6,0,4,0],[1,0,0,0]]>;
Append(~records, record);
/**************** End Solution ***********************/

/**************** Begin Solution *********************
    passport = [[3,3],[3,3],[3,3]]
    field = Number Field with defining polynomial z^4 - 2*z^3 + 3*z^2 + 4*z + 1 over the Rational Field
    curve = Hyperelliptic Curve defined by y^2 = x^3 + 5*x + 1/9*(-88*w^3 + 220*w^2 - 352*w - 198) over F
    map = ((-16*w^3 + 36*w^2 - 60*w - 40)*x^4 + (16*w^3 - 40*w^2 + 72*w + 32)*x^3 + (-64*w^3 + 144*w^2 - 240*w - 160)*x^2 + 1/3*(464*w^3 - 1160*w^2 + 2088*w + 928)*x + 1/9*(1232*w^3 - 2772*w^2 + 4620*w + 3080))/(x^6 + (-40*w^3 + 100*w^2 - 160*w - 90)*x^5 - 113*x^4 + 1/9*(7120*w^3 - 17800*w^2 + 28480*w + 16020)*x^3 + 1469/3*x^2 + 1/9*(-6760*w^3 + 16900*w^2 - 27040*w - 15210)*x - 2197/27)*y + (2*x^6 + (16*w^3 - 40*w^2 + 64*w + 36)*x^5 + 14*x^4 + 1/9*(992*w^3 - 2480*w^2 + 3968*w + 2232)*x^3 + 154/3*x^2 + 1/9*(1936*w^3 - 4840*w^2 + 7744*w + 4356)*x + 2662/27)/(x^6 + (-40*w^3 + 100*w^2 - 160*w - 90)*x^5 - 113*x^4 + 1/9*(7120*w^3 - 17800*w^2 + 28480*w + 16020)*x^3 + 1469/3*x^2 + 1/9*(-6760*w^3 + 16900*w^2 - 27040*w - 15210)*x - 2197/27)
    j = 54000
 **************** Record *****************************/
record := rec< HypBelyiRecord |
        passport := [[3,3],[3,3],[3,3]],
        defpoly  := [1,4,3,-2,1],
        coeffs_f := [[-22,-352/9,220/9,-88/9],[5,0,0,0],[0,0,0,0],[1,0,0,0]],
        coeffs_h := [],
        coeffs_p := [[2662/27,0,0,0],[484,7744/9,-4840/9,1936/9],[154/3,0,0,0],[248,3968/9,-2480/9,992/9],[14,0,0,0],[36,64,-40,16],[2,0,0,0]],
        coeffs_q := [[3080/9,1540/3,-308,1232/9],[928/3,696,-1160/3,464/3],[-160,-240,144,-64],[32,72,-40,16],[-40,-60,36,-16]],
        coeffs_r := [[-2197/27,0,0,0],[-1690,-27040/9,16900/9,-6760/9],[1469/3,0,0,0],[1780,28480/9,-17800/9,7120/9],[-113,0,0,0],[-90,-160,100,-40],[1,0,0,0]]>;
Append(~records, record);
/**************** End Solution ***********************/

/**************** Begin Solution *********************
    passport = [[3,3],[3,3],[3,3]]
    field = Number Field with defining polynomial z^4 + 3*z^2 + 3 over the Rational Field
    curve = Hyperelliptic Curve defined by y^2 = x^3 + 5*x + 1/9*(-44*w^2 - 66) over F
    map = (-4*w^3*x^4 + (-8*w^3 - 16*w)*x^3 - 16*w^3*x^2 + 1/3*(-232*w^3 - 464*w)*x + 308/9*w^3)/(x^6 + (-20*w^2 - 30)*x^5 - 113*x^4 + 1/9*(3560*w^2 + 5340)*x^3 + 1469/3*x^2 + 1/9*(-3380*w^2 - 5070)*x - 2197/27)*y + (2*x^6 + (8*w^2 + 12)*x^5 + 14*x^4 + 1/9*(496*w^2 + 744)*x^3 + 154/3*x^2 + 1/9*(968*w^2 + 1452)*x + 2662/27)/(x^6 + (-20*w^2 - 30)*x^5 - 113*x^4 + 1/9*(3560*w^2 + 5340)*x^3 + 1469/3*x^2 + 1/9*(-3380*w^2 - 5070)*x - 2197/27)
    j = 54000
 **************** Record *****************************/
record := rec< HypBelyiRecord |
        passport := [[3,3],[3,3],[3,3]],
        defpoly  := [3,0,3,0,1],
        coeffs_f := [[-22/3,0,-44/9,0],[5,0,0,0],[0,0,0,0],[1,0,0,0]],
        coeffs_h := [],
        coeffs_p := [[2662/27,0,0,0],[484/3,0,968/9,0],[154/3,0,0,0],[248/3,0,496/9,0],[14,0,0,0],[12,0,8,0],[2,0,0,0]],
        coeffs_q := [[0,0,0,308/9],[0,-464/3,0,-232/3],[0,0,0,-16],[0,-16,0,-8],[0,0,0,-4]],
        coeffs_r := [[-2197/27,0,0,0],[-1690/3,0,-3380/9,0],[1469/3,0,0,0],[1780/3,0,3560/9,0],[-113,0,0,0],[-30,0,-20,0],[1,0,0,0]]>;
Append(~records, record);
/**************** End Solution ***********************/

return records, passport;
end function;