// This is   belyi-61-421-2221.m
//load "format.m";

BelyiRecords_61_421_2221 := function()
records := [ ];
passport := [[6,1],[4,2,1],[2,2,2,1]];

/**************** Begin Solution *********************
    passport = [[6,1],[4,2,1],[2,2,2,1]]
    field = Number Field with defining polynomial z^12 + 13164/5*z^11 + 101114499/25*z^10 - 68707524011/25*z^9 + 271133910169011/200*z^8 + 142929446254281/100*z^7 + 1262619915529419/400*z^6 + 1395813965674779/400*z^5 + 736721076647241/6400*z^4 - 6224591511131/20*z^3 + 119777562345189/200*z^2 + 147519644118/25*z + 14706125 over the Rational Field
    phi = (1/94119200000*(-6400*w^11 - 16849920*w^10 - 25885311744*w^9 + 17589126146816*w^8 - 8676285125408352*w^7 - 9147484560273984*w^6 - 20201918648470704*w^5 - 22333023450796464*w^4 - 736721076647241*w^3 + 1991869283561920*w^2 - 3832881995046048*w - 37765028894208)*x^7 + 1/22843425322415314354627955725394664285327747116059683602689675551361133854461536657416800000*(4135426369708944217849361646902183171132657951640449407768674020167754956348405251200*w^11 + 10887749998982226794396511725363199291135653339217056097013661556491930098894415730359360*w^10 + 16726061180379688730183637791787172549731721402817968558199746574729860705405920096947785952*w^9 - 11365398476752588603515532200256379324727742369112064885159084061469722659073095575585020112528*w^8 + 5606273113151667347621616041511521650949908244143344182729426095653827110193021682521035765477816*w^7 + 5910000110062491004438290832625923539238554889609800308439939728020351426700729842529694517441372*w^6 + 
13052944021200894753466001960868924136051386605995003666887860682722262511671500111127843733918882*w^5 + 14429012211598305371505394758535317861197539887054486339237526494784531692015825214088220608364337*w^4 + 474245718168531142657143510497174744621797175585260220325886000778822178842880959637214981628428*w^3 - 1287026070689008036140381561987581501435712558459026453915008892311438633270285868080505113142860*w^2 + 2476797760766129452494955658561990250199251415366641601251579287493273065572930825383108279707384*w + 24127554384225794990191204829070019643732642350770044629164940696561360887937135179976656997664)*x^6 + 1/7614475107471771451542651908464888095109249038686561200896558517120377951487178885805600000*(-1209485247064300290526023397402213468924001468905105572676579861836162028310638995200*w^11 - 3184332358648600445618322785020727556956707018648417326338414537395021708709788406562560*w^10 - 4891858739563663368485227502978697645683717482993906825018893007800158470173579230678456192*w^9 + 
3324031083195221037893592212754761841030366687562408075404836065508072433198722832584899949888*w^8 - 1639663420569857367053983258080104292976564885346767970032915196731406980942409664292830242988736*w^7 - 1728168473584553149986227725842413524030081792160145151820905866038059800369035826729221971634512*w^6 - 3817261342909338943502073725486766637298324332972945884565030325537752106327569241744864957574472*w^5 - 4219289857349282589308438376068507829252386238756155306798907965456141659568766385024619798367652*w^4 - 137905748990057598510153208932904084580621070524813287754889633907091450483613565740084625364413*w^3 + 376416692193456700809292929080302285489564116328419659716882804734009530451405477537258066803560*w^2 - 724442034822050047686063742043651528535205027035436584211440337085699403789520571203525673220464*w - 6960929758464125832904196199511644823083999839873848042026861828090498055897431026481073809344)*x^5 + 
1/4226653681908798152435157141311178976351726810397541655889238229634619291292675776000*(194417802010703816438863007233133183598569488610163120633981889248597536316800*w^11 + 511863063583177188727135017870366783975936167727796919539237454162045041937071040*w^10 + 786338015337085002109010602932823038837291389314463267854135339229028767686442551328*w^9 - 534319139773751916335322449521542498485150504882850277215185244929670977794919949225392*w^8 + 263566639407169208952345683174627191396598961971521292671803018795155599861685729927904424*w^7 + 277710063507708996552022060408394894717861531162062158855607227419347012383814517957488708*w^6 + 613519496805667591001060274970360594483335777211353658697734584834775485385356974557809598*w^5 + 678032112449690516924923962429096644223915941370372887460252477604290703063896757016218843*w^4 + 21961124425344646613848684728664222351849384284773204849148934087861492576859879741303992*w^3 - 
60512373243543246682066343939074474353984954357489656980725667333690144505910002331588040*w^2 + 116461884984110342094890916393012140505051928344687697643394272085493749769523428844395376*w + 1102411343366908855654092560831623990186943672535288996479053173972599560926168405183296)*x^4)/(x + 1/14619792206345801186961891664252585142609758154278197505721392352871125666855383460746752*(2813580455485020805739405396868426268664691107940723031906210685306545666332800*w^11 + 7407577808496163877958768964439501730637180456027028607354997743441995363112261440*w^10 + 11379706856750854139879129201810545699972391437574530998154296795040695447558874806368*w^9 - 7732633875443448039176469062587528989967423355529816167043086821364317468681047983943056*w^8 + 3814331565847865988991510294928941483554062092586261001370504596067100151859071806535620920*w^7 + 3998638663665899145460156475276878065652969180506642843291984548098691601204215447580937804*w^6 + 
8857726905940524979310924253537673839327392712998375922579099989646989049406859486227489498*w^5 + 9762336781130861930649721490811350576009978656576714069065150436209416854125809278030537417*w^4 + 263801323703271614911275947798265637926810853005436486844436839777868716787375139817343436*w^3 - 883538654941801802062797929419996897989246892412589881594392332332958073800737854715091184*w^2 + 1685909020332282073101175307196896975003533567673820692303080320371054524756363509741133952*w + 9072791864165592642255806987940476115142962923061675870818010638735038432367892152853248))
 *********************** Record **********************/
