// This is   belyi-61-322-2221.m


[* [[6,1],[3,2,2],[2,2,2,1]],
[

/**************** Begin Solution *********************
    passport = [[6,1],[3,2,2],[2,2,2,1]]
    field = Number Field with defining polynomial z^3 - 42*z - 84 over the Rational Field
    phi = (1/175000*(597753*w^2 - 3005622*w - 9980248)*x^7 + 1/3125*(-40651*w^2 + 204224*w + 678316)*x^6 + 1/12500*(224127*w^2 - 1122498*w - 3731832)*x^5 + 1/125*(-1323*w^2 + 6552*w + 21868)*x^4 + 1/40*(91*w^2 - 434*w - 1456)*x^3)/(x + 1/35*(w^2 - 2*w - 34))
 *********************** Record **********************/
rec< G0BelyiRecord |
        passport := [[6,1],[3,2,2],[2,2,2,1]],
        p        := 0,
        defpoly  := [-84,-42,0,1],
        coeffs_p := [[0,0,0],[0,0,0],[0,0,0],[-182/5,-217/20,91/40],[21868/125,6552/125,-1323/125],[-932958/3125,-561249/6250,224127/12500],[678316/3125,204224/3125,-40651/3125],[-1247531/21875,-1502811/87500,597753/175000]],
        coeffs_r := [[-34/35,-2/35,1/35],[1,0,0]]
>
/**************** End Solution ***********************/

] *]
