// This is   belyi-43-421-2221.m


[* [[4,3],[4,2,1],[2,2,2,1]],
[

/**************** Begin Solution *********************
    passport = [[4,3],[4,2,1],[2,2,2,1]]
    field = Number Field with defining polynomial z^6 - 14*z^4 + 14*z^3 + 21*z^2 - 14*z - 14 over the Rational Field
    phi = (1/343*(674*w^5 + 1042*w^4 - 7836*w^3 - 2668*w^2 + 10234*w + 6273)*x^7 + 1/49*(-25*w^5 - 41*w^4 + 278*w^3 + 92*w^2 - 350*w - 209)*x^6 + 1/49*(-106*w^5 - 165*w^4 + 1246*w^3 + 479*w^2 - 1680*w - 1049)*x^5 + 1/49*(-42*w^5 - 61*w^4 + 493*w^3 + 126*w^2 - 616*w - 371)*x^4)/(x^3 + 1/7*(-21*w^5 - 33*w^4 + 246*w^3 + 96*w^2 - 336*w - 225)*x^2 + 1/49*(120*w^5 + 189*w^4 - 1410*w^3 - 561*w^2 + 1974*w + 1293)*x + 1/343*(-348*w^5 - 533*w^4 + 4099*w^3 + 1434*w^2 - 5642*w - 3499))
 *********************** Record **********************/
rec< G0BelyiRecord |
        passport := [[4,3],[4,2,1],[2,2,2,1]],
        p        := 0,
        defpoly  := [-14,-14,21,14,-14,0,1],
        coeffs_p := [[0,0,0,0,0,0],[0,0,0,0,0,0],[0,0,0,0,0,0],[0,0,0,0,0,0],[-53/7,-88/7,18/7,493/49,-61/49,-6/7],[-1049/49,-240/7,479/49,178/7,-165/49,-106/49],[-209/49,-50/7,92/49,278/49,-41/49,-25/49],[6273/343,1462/49,-2668/343,-7836/343,1042/343,674/343]],
        coeffs_r := [[-3499/343,-806/49,1434/343,4099/343,-533/343,-348/343],[1293/49,282/7,-561/49,-1410/49,27/7,120/49],[-225/7,-48,96/7,246/7,-33/7,-3],[1,0,0,0,0,0]]
>
/**************** End Solution ***********************/

] *]
