// This is   belyi-7-7-331.m
//load "format.m";

BelyiRecords_7_7_331 := function()
records := [ ];
passport := [[7],[7],[3,3,1]];



/**************** Begin Solution *********************
    passport = [[7],[7],[3,3,1]]
    field = Number Field with defining polynomial z^4 - 2*z^3 - 1507*z^2 + 1508*z + 595221 over the Rational Field
    curve = Hyperelliptic Curve defined by y^2 = 5*x^6 + 3*x^5 + 1/1663340*(-3359*w^2 + 3359*w + 2200018)*x^3 + 1/16633400*(-10077*w^2 + 10077*w + 10295193)*x^2 + 1/90652030000*(57893985*w^2 - 57893985*w - 40277057796)*x + 1/1813040600000*(123110590*w^2 - 123110590*w + 317472830173) over F
    map = (1/1188100*(-6*w^3 + 9*w^2 + 13677*w - 6840)*x + 1/11881000*(-306*w^3 + 459*w^2 + 234477*w - 117315))/(x^7 + 1/1090*(-4*w^2 + 4*w + 3779)*x^6 + 1/10900*(-24*w^2 + 24*w + 18705)*x^5 + 1/2376200*(-988*w^2 + 988*w + 644999)*x^4 + 1/23762000*(-464*w^2 + 464*w + 111583)*x^3 + 1/129502900000*(256740*w^2 - 256740*w - 292739151)*x^2 + 1/1295029000000*(258856*w^2 - 258856*w - 216248621)*x + 1/9881071270000000*(40255988*w^2 - 40255988*w - 28699632865))*y + (x^7 + 1/1090*(-4*w^2 + 4*w + 3779)*x^6 + 1/10900*(-24*w^2 + 24*w + 18705)*x^5 + 1/2376200*(-988*w^2 + 988*w + 644999)*x^4 + 1/23762000*(-464*w^2 + 464*w + 111583)*x^3 + 1/129502900000*(256740*w^2 - 256740*w - 292739151)*x^2 + 1/1295029000000*(258856*w^2 - 258856*w + 149874463129)*x + 1/9881071270000000*(-3301955402512*w^2 + 3301955402512*w + 2604195239941385))/(x^7 + 1/1090*(-4*w^2 + 4*w + 3779)*x^6 + 1/10900*(-24*w^2 + 24*w + 18705)*x^5 + 1/2376200*(-988*w^2 + 988*w + 644999)*x^4 + 1/23762000*(-464*w^2 + 464*w + 111583)*x^3 + 1/129502900000*(256740*w^2 - 256740*w - 292739151)*x^2 + 1/1295029000000*(258856*w^2 - 258856*w - 216248621)*x + 1/9881071270000000*(40255988*w^2 - 40255988*w - 28699632865))
    igusa = [-13857354693/25900580,1705501150140074049/268336017734560,635245457470643827026268371/13900116988430780089600,-5836623121733333790704651860292646777/360021092068210494173091968000,-5093917795838364100323061088365267404220587/182124122984376003147845749307450000]
 **************** Record *****************************/
record := rec< HypBelyiRecord |
        passport := [[7],[7],[3,3,1]],
        defpoly  := [595221,1508,-1507,-2,1],
        coeffs_f := [[317472830173/1813040600000,-12311059/181304060000,12311059/181304060000,0],[-10069264449/22663007500,-11578797/18130406000,11578797/18130406000,0],[10295193/16633400,10077/16633400,-10077/16633400,0],[1100009/831\
670,3359/1663340,-3359/1663340,0],[0,0,0,0],[3,0,0,0],[5,0,0,0]],
        coeffs_h := [],
        coeffs_p := [[520839047988277/1976214254000000,206372212657/617566954375000,-206372212657/617566954375000,0],[149874463129/1295029000000,-32357/161878625000,32357/161878625000,0],[-292739151/129502900000,-12837/6475145000,1283\
7/6475145000,0],[111583/23762000,29/1485125,-29/1485125,0],[644999/2376200,247/594050,-247/594050,0],[3741/2180,6/2725,-6/2725,0],[3779/1090,2/545,-2/545,0],[1,0,0,0]],
        coeffs_q := [[-23463/2376200,234477/11881000,459/11881000,-153/5940500],[-342/59405,13677/1188100,9/1188100,-3/594050]],
        coeffs_r := [[-5739926573/1976214254000000,-10063997/2470267817500000,10063997/2470267817500000,0],[-216248621/1295029000000,-32357/161878625000,32357/161878625000,0],[-292739151/129502900000,-12837/6475145000,12837/6475145000\
,0],[111583/23762000,29/1485125,-29/1485125,0],[644999/2376200,247/594050,-247/594050,0],[3741/2180,6/2725,-6/2725,0],[3779/1090,2/545,-2/545,0],[1,0,0,0]]>;
Append(~records, record);
/**************** End Solution ***********************/

/**************** Begin Solution *********************
    passport = [[7],[7],[3,3,1]]
    field = Number Field with defining polynomial z^4 - 2*z^3 - 1507*z^2 + 1508*z + 595221 over the Rational Field
    curve = Hyperelliptic Curve defined by y^2 = 5*x^6 + 3*x^5 + 1/1663340*(-3359*w^2 + 3359*w + 2200018)*x^3 + 1/16633400*(-10077*w^2 + 10077*w + 10295193)*x^2 + 1/90652030000*(57893985*w^2 - 57893985*w - 40277057796)*x + 1/1813040600000*(123110590*w^2 - 123110590*w + 317472830173) over F
    map = (1/1188100*(6*w^3 - 9*w^2 - 13677*w + 6840)*x + 1/11881000*(306*w^3 - 459*w^2 - 234477*w + 117315))/(x^7 + 1/1090*(-4*w^2 + 4*w + 3779)*x^6 + 1/10900*(-24*w^2 + 24*w + 18705)*x^5 + 1/2376200*(-988*w^2 + 988*w + 644999)*x^4 + 1/23762000*(-464*w^2 + 464*w + 111583)*x^3 + 1/129502900000*(256740*w^2 - 256740*w - 292739151)*x^2 + 1/1295029000000*(258856*w^2 - 258856*w - 216248621)*x + 1/9881071270000000*(40255988*w^2 - 40255988*w - 28699632865))*y + (x^7 + 1/1090*(-4*w^2 + 4*w + 3779)*x^6 + 1/10900*(-24*w^2 + 24*w + 18705)*x^5 + 1/2376200*(-988*w^2 + 988*w + 644999)*x^4 + 1/23762000*(-464*w^2 + 464*w + 111583)*x^3 + 1/129502900000*(256740*w^2 - 256740*w - 292739151)*x^2 + 1/1295029000000*(258856*w^2 - 258856*w + 149874463129)*x + 1/9881071270000000*(-3301955402512*w^2 + 3301955402512*w + 2604195239941385))/(x^7 + 1/1090*(-4*w^2 + 4*w + 3779)*x^6 + 1/10900*(-24*w^2 + 24*w + 18705)*x^5 + 1/2376200*(-988*w^2 + 988*w + 644999)*x^4 + 1/23762000*(-464*w^2 + 464*w + 111583)*x^3 + 1/129502900000*(256740*w^2 - 256740*w - 292739151)*x^2 + 1/1295029000000*(258856*w^2 - 258856*w - 216248621)*x + 1/9881071270000000*(40255988*w^2 - 40255988*w - 28699632865))
    igusa = [-13857354693/25900580,1705501150140074049/268336017734560,635245457470643827026268371/13900116988430780089600,-5836623121733333790704651860292646777/360021092068210494173091968000,-5093917795838364100323061088365267404220587/182124122984376003147845749307450000]
 **************** Record *****************************/
record := rec< HypBelyiRecord |
        passport := [[7],[7],[3,3,1]],
        defpoly  := [595221,1508,-1507,-2,1],
        coeffs_f := [[317472830173/1813040600000,-12311059/181304060000,12311059/181304060000,0],[-10069264449/22663007500,-11578797/18130406000,11578797/18130406000,0],[10295193/16633400,10077/16633400,-10077/16633400,0],[1100009/831\
670,3359/1663340,-3359/1663340,0],[0,0,0,0],[3,0,0,0],[5,0,0,0]],
        coeffs_h := [],
        coeffs_p := [[520839047988277/1976214254000000,206372212657/617566954375000,-206372212657/617566954375000,0],[149874463129/1295029000000,-32357/161878625000,32357/161878625000,0],[-292739151/129502900000,-12837/6475145000,1283\
7/6475145000,0],[111583/23762000,29/1485125,-29/1485125,0],[644999/2376200,247/594050,-247/594050,0],[3741/2180,6/2725,-6/2725,0],[3779/1090,2/545,-2/545,0],[1,0,0,0]],
        coeffs_q := [[23463/2376200,-234477/11881000,-459/11881000,153/5940500],[342/59405,-13677/1188100,-9/1188100,3/594050]],
        coeffs_r := [[-5739926573/1976214254000000,-10063997/2470267817500000,10063997/2470267817500000,0],[-216248621/1295029000000,-32357/161878625000,32357/161878625000,0],[-292739151/129502900000,-12837/6475145000,12837/6475145000\
,0],[111583/23762000,29/1485125,-29/1485125,0],[644999/2376200,247/594050,-247/594050,0],[3741/2180,6/2725,-6/2725,0],[3779/1090,2/545,-2/545,0],[1,0,0,0]]>;
Append(~records, record);
/**************** End Solution ***********************/

/**************** Begin Solution *********************
    passport = [[7],[7],[3,3,1]]
