// This is   belyi-5-32-32.m


[* [[5],[3,2],[3,2]],
[

/**************** Begin Solution *********************
    passport = [[5],[3,2],[3,2]]
    field = Number Field with defining polynomial z^4 + 40 over the Rational Field
    curve = Hyperelliptic Curve defined by y^2 = x^3 + 3*x + 37/80*w^2 over field
    phi = (-135/32*w*x^2 - 5697/3200*w^3*x - 62397/1280*w)/(x^5 - 11/8*w^2*x^4 - 121/4*x^3 + 1331/160*w^2*x^2 + 14641/320*x - 161051/64000*w^2)*y + (x^5 + 31/32*w^2*x^4 + 97/8*x^3 + 21079/1280*w^2*x^2 + 72389/640*x + 3646469/128000*w^2)/(x^5 - 11/8*w^2*x^4 - 121/4*x^3 + 1331/160*w^2*x^2 + 14641/320*x - 161051/64000*w^2)
    j = -40960/27
 **************** Record *****************************/
rec< HypBelyiRecord |
        passport := [[5],[3,2],[3,2]],
        p        := 0,
        defpoly  := [40,0,0,0,1],
        coeffs_f := [[0,0,37/80,0],[3,0,0,0],[0,0,0,0],[1,0,0,0]],
        coeffs_h := [],
        coeffs_p := [[0,0,3646469/128000,0],[72389/640,0,0,0],[0,0,21079/1280,0],[97/8,0,0,0],[0,0,31/32,0],[1,0,0,0]],
        coeffs_q := [[0,-62397/1280,0,0],[0,0,0,-5697/3200],[0,-135/32,0,0]],
        coeffs_r := [[0,0,-161051/64000,0],[14641/320,0,0,0],[0,0,1331/160,0],[-121/4,0,0,0],[0,0,-11/8,0],[1,0,0,0]]
>
/**************** End Solution ***********************/
,
/**************** Begin Solution *********************
    passport = [[5],[3,2],[3,2]]
    field = Number Field with defining polynomial z^2 - 15 over the Rational Field
    curve = Hyperelliptic Curve defined by y^2 = x^3 - 2048/9375*x + 606208/10546875 over field
    phi = (48/125*w*x^2 - 108032/390625*w*x - 9465856/29296875*w)/(x^5 + 176/75*x^4 + 61952/28125*x^3 + 10903552/10546875*x^2 + 959512576/3955078125*x + 168874213376/7415771484375)*y + (4*x^4 + 28928/9375*x^3 - 1186816/1171875*x^2 - 470843392/1318359375*x + 693558050816/2471923828125)/(x^5 + 176/75*x^4 + 61952/28125*x^3 + 10903552/10546875*x^2 + 959512576/3955078125*x + 168874213376/7415771484375)
    j = -40960/27
 **************** Record *****************************/
rec< HypBelyiRecord |
        passport := [[5],[3,2],[3,2]],
        p        := 0,
        defpoly  := [-15,0,1],
        coeffs_f := [[606208/10546875,0],[-2048/9375,0],[0,0],[1,0]],
        coeffs_h := [],
        coeffs_p := [[693558050816/2471923828125,0],[-470843392/1318359375,0],[-1186816/1171875,0],[28928/9375,0],[4,0]],
        coeffs_q := [[0,-9465856/29296875],[0,-108032/390625],[0,48/125]],
        coeffs_r := [[168874213376/7415771484375,0],[959512576/3955078125,0],[10903552/10546875,0],[61952/28125,0],[176/75,0],[1,0]]
>
/**************** End Solution ***********************/
,
/**************** Begin Solution *********************
    passport = [[5],[3,2],[3,2]]
    field = Number Field with defining polynomial z^4 + 40 over the Rational Field
    curve = Hyperelliptic Curve defined by y^2 = x^3 + 3*x + 37/80*w^2 over field
    phi = (-135/32*w*x^2 - 5697/3200*w^3*x - 62397/1280*w)/(x^5 - 11/8*w^2*x^4 - 121/4*x^3 + 1331/160*w^2*x^2 + 14641/320*x - 161051/64000*w^2)*y + (x^5 + 31/32*w^2*x^4 + 97/8*x^3 + 21079/1280*w^2*x^2 + 72389/640*x + 3646469/128000*w^2)/(x^5 - 11/8*w^2*x^4 - 121/4*x^3 + 1331/160*w^2*x^2 + 14641/320*x - 161051/64000*w^2)
    j = -40960/27
 **************** Record *****************************/
rec< HypBelyiRecord |
        passport := [[5],[3,2],[3,2]],
        p        := 0,
        defpoly  := [40,0,0,0,1],
        coeffs_f := [[0,0,37/80,0],[3,0,0,0],[0,0,0,0],[1,0,0,0]],
        coeffs_h := [],
        coeffs_p := [[0,0,3646469/128000,0],[72389/640,0,0,0],[0,0,21079/1280,0],[97/8,0,0,0],[0,0,31/32,0],[1,0,0,0]],
        coeffs_q := [[0,-62397/1280,0,0],[0,0,0,-5697/3200],[0,-135/32,0,0]],
        coeffs_r := [[0,0,-161051/64000,0],[14641/320,0,0,0],[0,0,1331/160,0],[-121/4,0,0,0],[0,0,-11/8,0],[1,0,0,0]]
>
/**************** End Solution ***********************/
,
/**************** Begin Solution *********************
    passport = [[5],[3,2],[3,2]]
    field = Number Field with defining polynomial z^2 - 15 over the Rational Field
    curve = Hyperelliptic Curve defined by y^2 = x^3 - 2048/9375*x + 606208/10546875 over field
    phi = (48/125*w*x^2 - 108032/390625*w*x - 9465856/29296875*w)/(x^5 + 176/75*x^4 + 61952/28125*x^3 + 10903552/10546875*x^2 + 959512576/3955078125*x + 168874213376/7415771484375)*y + (4*x^4 + 28928/9375*x^3 - 1186816/1171875*x^2 - 470843392/1318359375*x + 693558050816/2471923828125)/(x^5 + 176/75*x^4 + 61952/28125*x^3 + 10903552/10546875*x^2 + 959512576/3955078125*x + 168874213376/7415771484375)
    j = -40960/27
 **************** Record *****************************/
rec< HypBelyiRecord |
        passport := [[5],[3,2],[3,2]],
        p        := 0,
        defpoly  := [-15,0,1],
        coeffs_f := [[606208/10546875,0],[-2048/9375,0],[0,0],[1,0]],
        coeffs_h := [],
        coeffs_p := [[693558050816/2471923828125,0],[-470843392/1318359375,0],[-1186816/1171875,0],[28928/9375,0],[4,0]],
        coeffs_q := [[0,-9465856/29296875],[0,-108032/390625],[0,48/125]],
        coeffs_r := [[168874213376/7415771484375,0],[959512576/3955078125,0],[10903552/10546875,0],[61952/28125,0],[176/75,0],[1,0]]
>
/**************** End Solution ***********************/
,
/**************** Begin Solution *********************
    passport = [[5],[3,2],[3,2]]
    field = Number Field with defining polynomial z^4 - 15 over the Rational Field
    curve = Hyperelliptic Curve defined by y^2 = x^3 - 8*x + 148/45*w^2 over field
    phi = (20/3*w*x^2 - 1664/225*w^3*x + 2048/45*w)/(x^5 - 4/3*w^2*x^4 + 32/3*x^3 - 128/45*w^2*x^2 + 256/45*x - 1024/3375*w^2)*y + (8*x^3 - 136/5*w^2*x^2 + 1536/5*x - 93184/1125*w^2)/(x^5 - 4/3*w^2*x^4 + 32/3*x^3 - 128/45*w^2*x^2 + 256/45*x - 1024/3375*w^2)
    j = -40960/27
 **************** Record *****************************/
rec< HypBelyiRecord |
        passport := [[5],[3,2],[3,2]],
        p        := 0,
        defpoly  := [-15,0,0,0,1],
        coeffs_f := [[0,0,148/45,0],[-8,0,0,0],[0,0,0,0],[1,0,0,0]],
        coeffs_h := [],
        coeffs_p := [[0,0,-93184/1125,0],[1536/5,0,0,0],[0,0,-136/5,0],[8,0,0,0]],
        coeffs_q := [[0,2048/45,0,0],[0,0,0,-1664/225],[0,20/3,0,0]],
        coeffs_r := [[0,0,-1024/3375,0],[256/45,0,0,0],[0,0,-128/45,0],[32/3,0,0,0],[0,0,-4/3,0],[1,0,0,0]]
>
/**************** End Solution ***********************/
,
/**************** Begin Solution *********************
    passport = [[5],[3,2],[3,2]]
    field = Number Field with defining polynomial z^4 - 15 over the Rational Field
    curve = Hyperelliptic Curve defined by y^2 = x^3 - 8*x + 148/45*w^2 over field
    phi = (20/3*w*x^2 - 1664/225*w^3*x + 2048/45*w)/(x^5 - 4/3*w^2*x^4 + 32/3*x^3 - 128/45*w^2*x^2 + 256/45*x - 1024/3375*w^2)*y + (8*x^3 - 136/5*w^2*x^2 + 1536/5*x - 93184/1125*w^2)/(x^5 - 4/3*w^2*x^4 + 32/3*x^3 - 128/45*w^2*x^2 + 256/45*x - 1024/3375*w^2)
    j = -40960/27
 **************** Record *****************************/
rec< HypBelyiRecord |
        passport := [[5],[3,2],[3,2]],
        p        := 0,
        defpoly  := [-15,0,0,0,1],
        coeffs_f := [[0,0,148/45,0],[-8,0,0,0],[0,0,0,0],[1,0,0,0]],
        coeffs_h := [],
        coeffs_p := [[0,0,-93184/1125,0],[1536/5,0,0,0],[0,0,-136/5,0],[8,0,0,0]],
        coeffs_q := [[0,2048/45,0,0],[0,0,0,-1664/225],[0,20/3,0,0]],
        coeffs_r := [[0,0,-1024/3375,0],[256/45,0,0,0],[0,0,-128/45,0],[32/3,0,0,0],[0,0,-4/3,0],[1,0,0,0]]
>
/**************** End Solution ***********************/
,
/**************** Begin Solution *********************
    passport = [[5],[3,2],[3,2]]
