// This is   belyi-43-421-3211.m


[* [[4,3],[4,2,1],[3,2,1,1]],
[

/**************** Begin Solution *********************
    passport = [[4,3],[4,2,1],[3,2,1,1]]
    field = Number Field with defining polynomial z^9 - 6*z^7 - 36*z^6 - 66*z^5 - 72*z^4 - 6*z^3 + 84*z^2 + 51*z - 4 over the Rational Field
    phi = (1/92934135*(-156826*w^8 - 66868*w^7 + 1672112*w^6 + 4616132*w^5 + 10084862*w^4 - 2638372*w^3 - 7624480*w^2 - 1907284*w - 41713)*x^7 + 1/4425435*(25843*w^8 + 22717*w^7 - 340253*w^6 - 756668*w^5 - 1506158*w^4 + 786679*w^3 + 1520890*w^2 - 428798*w + 268921)*x^6 + 1/22127175*(-287183*w^8 - 226904*w^7 + 3149266*w^6 + 9560566*w^5 + 17814631*w^4 + 5529124*w^3 - 7452620*w^2 - 5009282*w - 8825099)*x^5 + 1/13276305*(234427*w^8 + 100261*w^7 - 1782224*w^6 - 8606774*w^5 - 16195724*w^4 - 15291371*w^3 - 697475*w^2 + 15474688*w + 12075121)*x^4)/(x^3 + 1/23415*(663*w^8 + 109*w^7 - 3691*w^6 - 25536*w^5 - 49046*w^4 - 54829*w^3 - 5880*w^2 + 66622*w - 14731)*x^2 + 1/163905*(-4535*w^8 - 756*w^7 + 25334*w^6 + 175414*w^5 + 336459*w^4 + 359504*w^3 + 15700*w^2 - 472890*w + 43211)*x + 1/17210025*(140851*w^8 + 28713*w^7 - 821602*w^6 - 5458202*w^5 - 10407732*w^4 - 10399603*w^3 + 475315*w^2 + 14829204*w - 1092847))
 *********************** Record **********************/
rec< G0BelyiRecord |
        passport := [[4,3],[4,2,1],[3,2,1,1]],
        p        := 0,
        defpoly  := [-4,51,84,-6,-72,-66,-36,-6,0,1],
        coeffs_p := [[0,0,0,0,0,0,0,0,0],[0,0,0,0,0,0,0,0,0],[0,0,0,0,0,0,0,0,0],[0,0,0,0,0,0,0,0,0],[12075121/13276305,15474688/13276305,-139495/2655261,-15291371/13276305,-16195724/13276305,-8606774/13276305,-1782224/13276305,14323/1896615,234427/13276305],[-8825099/22127175,-5009282/22127175,-212932/632205,5529124/22127175,17814631/22127175,9560566/22127175,3149266/22127175,-226904/22127175,-287183/22127175],[268921/4425435,-428798/4425435,43454/126441,786679/4425435,-1506158/4425435,-756668/4425435,-340253/4425435,22717/4425435,25843/4425435],[-5959/13276305,-1907284/92934135,-1524896/18586827,-2638372/92934135,10084862/92934135,4616132/92934135,1672112/92934135,-66868/92934135,-156826/92934135]],
        coeffs_r := [[-22303/351225,4943068/5736675,95063/3442005,-10399603/17210025,-3469244/5736675,-5458202/17210025,-821602/17210025,9571/5736675,140851/17210025],[6173/23415,-31526/10927,3140/32781,359504/163905,112153/54635,175414/163905,25334/163905,-36/7805,-907/32781],[-14731/23415,66622/23415,-56/223,-54829/23415,-49046/23415,-1216/1115,-3691/23415,109/23415,221/7805],[1,0,0,0,0,0,0,0,0]]
>
/**************** End Solution ***********************/

] *]

