// This is   belyi-52-4111-331.m


[* [[5,2],[4,1,1,1],[3,3,1]],
[

/**************** Begin Solution *********************
    passport = [[5,2],[4,1,1,1],[3,3,1]]
    field = Number Field with defining polynomial z^6 - 26*z^4 + 80*z^3 - 83*z^2 + 40*z - 8 over the Rational Field
    phi = (1/18816*(-9435*w^5 - 4995*w^4 + 246725*w^3 - 620535*w^2 + 351040*w + 38936)*x^7 + 1/2688*(4551*w^5 + 2191*w^4 - 118617*w^3 + 305747*w^2 - 196160*w + 11656)*x^6 + 1/896*(-1773*w^5 - 773*w^4 + 46003*w^3 - 121585*w^2 + 87936*w - 18392)*x^5 + 1/896*(735*w^5 + 295*w^4 - 18945*w^3 + 51275*w^2 - 41600*w + 14600)*x^4)/(x^2 + 1/84*(3*w^5 + 3*w^4 - 71*w^3 + 171*w^2 - 190*w + 88)*x + 1/1176*(-3*w^5 - 23*w^4 + 33*w^3 + 305*w^2 - 404*w + 148))
 *********************** Record **********************/
rec< G0BelyiRecord |
        passport := [[5,2],[4,1,1,1],[3,3,1]],
        p        := 0,
        defpoly  := [-8,40,-83,80,-26,0,1],
        coeffs_p := [[0,0,0,0,0,0],[0,0,0,0,0,0],[0,0,0,0,0,0],[0,0,0,0,0,0],[1825/112,-325/7,7325/128,-18945/896,295/896,105/128],[-2299/112,687/7,-121585/896,46003/896,-773/896,-1773/896],[1457/336,-3065/42,305747/2688,-39539/896,313/384,1517/896],[4867/2352,5485/294,-206845/6272,246725/18816,-1665/6272,-3145/6272]],
        coeffs_r := [[37/294,-101/294,305/1176,11/392,-23/1176,-1/392],[22/21,-95/42,57/28,-71/84,1/28,1/28],[1,0,0,0,0,0]]
>
/**************** End Solution ***********************/

] *]
