// This is   belyi-52-331-3211.m
//load "format.m";

BelyiRecords_52_331_3211 := function()
records := [ ];
passport := [[5,2],[3,3,1],[3,2,1,1]];

/**************** Begin Solution *********************
    passport = [[5,2],[3,3,1],[3,2,1,1]]
    field = Number Field with defining polynomial z^8 + 3*z^7 + 2*z^6 - 12*z^5 - 12*z^4 - 54*z^3 - 40*z^2 - 6*z - 92 over the Rational Field
    phi = (1/326262384*(-59565935*w^7 - 105817910*w^6 - 210680*w^5 + 710291900*w^4 - 102520600*w^3 + 3525119810*w^2 - 2155127610*w + 3334023204)*x^7 + 1/17478342*(11728279*w^7 + 20530796*w^6 + 243300*w^5 - 137612442*w^4 + 24751620*w^3 - 702515622*w^2 + 428097182*w - 706301258)*x^6 + 1/23304456*(-21182119*w^7 - 36112424*w^6 - 950856*w^5 + 242223252*w^4 - 59663616*w^3 + 1294199826*w^2 - 788872430*w + 1426186352)*x^5 + 1/23304456*(12443705*w^7 + 20317665*w^6 + 1139680*w^5 - 136673260*w^4 + 49663580*w^3 - 783903790*w^2 + 479596580*w - 984504110)*x^4 + 1/19975248*(-2302205*w^7 - 3620230*w^6 - 537000*w^5 + 24176580*w^4 - 12170520*w^3 + 149730630*w^2 - 90887830*w + 226701700)*x^3)/(x^2 + 1/647346*(-4173*w^7 - 17357*w^6 - 6500*w^5 + 91324*w^4 + 124780*w^3 + 52114*w^2 + 86956*w - 1212114)*x + 1/18125688*(84703*w^7 + 328583*w^6 + 82192*w^5 - 1773164*w^4 - 2342508*w^3 - 1390322*w^2 - 1231620*w + 17817886))
 *********************** Record **********************/
record := rec< G0BelyiRecord |
        passport := [[5,2],[3,3,1],[3,2,1,1]],
        p        := 0,
        defpoly  := [-92,-6,-40,-54,-12,-12,2,3,1],
        coeffs_p := [[0,0,0,0,0,0,0,0],[0,0,0,0,0,0,0,0],[0,0,0,0,0,0,0,0],[56675425/4993812,-45443915/9987624,24955105/3329208,-56345/92478,2014715/1664604,-22375/832302,-1810115/9987624,-2302205/19975248],[-492252055/11652228,119899145/5826114,-391951895/11652228,12415895/5826114,-34168315/5826114,142460/2913057,6772555/7768152,12443705/23304456],[178273294/2913057,-394436215/11652228,215699971/3884076,-2485984/971019,20185271/1942038,-39619/971019,-4514053/2913057,-3026017/3329208],[-353150629/8739171,214048591/8739171,-117085937/2913057,1375090/971019,-22935407/2913057,40550/2913057,10265398/8739171,11728279/17478342],[277835267/27188532,-359187935/54377064,1762559905/163131192,-1830725/5826114,177572975/81565596,-26335/40782798,-52908955/163131192,-59565935/326262384]],
        coeffs_r := [[8908943/9062844,-102635/1510474,-695161/9062844,-27887/215782,-443291/4531422,10274/2265711,328583/18125688,84703/18125688],[-202019/107891,43478/323673,26057/323673,62390/323673,45662/323673,-3250/323673,-17357/647346,-1391/215782],[1,0,0,0,0,0,0,0]]>;
Append(~records, record);
/**************** Record *****************************/

return records, passport;
end function;

