// This is   belyi-7-322-22111.m


[* [[7],[3,2,2],[2,2,1,1,1]],
[

/**************** Begin Solution *********************
    passport = [[7],[3,2,2],[2,2,1,1,1]]
    field = Number Field with defining polynomial z^4 - 2*z^3 - 2*z^2 + 3*z - 3 
over the Rational Field
    phi = 1/108*(-1498*w^3 + 5292*w^2 - 5061*w + 3076)*x^7 + 1/54*(2870*w^3 - 
10143*w^2 + 9618*w - 5747)*x^6 + 1/36*(-2688*w^3 + 9506*w^2 - 8890*w + 5243)*x^5
+ 1/54*(2450*w^3 - 8673*w^2 + 7938*w - 4802)*x^4 + 1/108*(-1078*w^3 + 3822*w^2 -
3381*w + 2401)*x^3
 *********************** Record **********************/
rec< G0BelyiRecord |
        passport := [[7],[3,2,2],[2,2,1,1,1]],
        p        := 0,
        defpoly  := [-3,3,-2,-2,1],
        coeffs_p := [[0,0,0,0],[0,0,0,0],[0,0,0,0],[2401/108,-1127/36,637/18,-539/54],[-2401/27,147,-2891/18,1225/27],[5243/36,-4445/18,4753/18,-224/3],[-5747/54,1603/9,-1127/6,1435/27],[769/27,-1687/36,49,-749/54]],
        coeffs_r := [[1,0,0,0]]
>
/**************** End Solution ***********************/

] *]
