// This is   belyi-52-43-22111.m


[* [[5,2],[4,3],[2,2,1,1,1]],
[

/**************** Begin Solution *********************
    passport = [[5,2],[4,3],[2,2,1,1,1]]
    field = Number Field with defining polynomial z^4 - z^3 - 11*z^2 + 45*z + 30 over the Rational Field
    phi = (1/338688*(1085*w^3 - 10215*w^2 - 23745*w - 10197)*x^7 + 1/16128*(-59*w^3 + 3105*w^2 + 471*w - 765)*x^6 + 1/2304*(5*w^3 - 855*w^2 + 1095*w + 1035)*x^5 + 1/6912*(-35*w^3 + 1575*w^2 - 3885*w - 1575)*x^4)/(x^2 + 1/112*(-w^3 - 21*w - 130)*x + 1/6272*(35*w^3 + 120*w^2 + 375*w + 1910))
 *********************** Record **********************/
rec< G0BelyiRecord |
        passport := [[5,2],[4,3],[2,2,1,1,1]],
        p        := 0,
        defpoly  := [30,45,-11,-1,1],
        coeffs_p := [[0,0,0,0],[0,0,0,0],[0,0,0,0],[0,0,0,0],[-175/768,-1295/2304,175/768,-35/6912],[115/256,365/768,-95/256,5/2304],[-85/1792,157/5376,345/1792,-59/16128],[-1133/37632,-7915/112896,-1135/37632,155/48384]],
        coeffs_r := [[955/3136,375/6272,15/784,5/896],[-65/56,-3/16,0,-1/112],[1,0,0,0]]
>
/**************** End Solution ***********************/

] *]
