// This is   belyi-421-421-331.m


[* [[4,2,1],[4,2,1],[3,3,1]],
[

/**************** Begin Solution *********************
    passport = [[4,2,1],[4,2,1],[3,3,1]]
    field = Number Field with defining polynomial z^2 - 7 over the Rational Field
    phi = (1/1323*(-88*w + 91)*x^7 + 1/63*(10*w - 49)*x^6 + 1/63*(-10*w + 49)*x^5 + 1/27*(4*w + 29)*x^4)/(x^3 + 1/7*(2*w + 7)*x^2 + 1/7*(-2*w - 7)*x + 1/49*(4*w + 7))
 *********************** Record **********************/
rec< G0BelyiRecord |
        passport := [[4,2,1],[4,2,1],[3,3,1]],
        p        := 0,
        defpoly  := [-7,0,1],
        coeffs_p := [[0,0],[0,0],[0,0],[0,0],[29/27,4/27],[7/9,-10/63],[-7/9,10/63],[13/189,-88/1323]],
        coeffs_r := [[1/7,4/49],[-1,-2/7],[1,2/7],[1,0]]
>
/**************** End Solution ***********************/
,
/**************** Begin Solution *********************
    passport = [[4,2,1],[4,2,1],[3,3,1]]
    field = Number Field with defining polynomial z^2 - 7 over the Rational Field
    phi = (1/49*(-24*w - 63)*x^7 + 1/7*(5*w + 14)*x^6 + 1/7*(2*w + 7)*x^5 + 1/9*(-5*w - 16)*x^4)/(x^3 + 1/21*(-w - 14)*x^2 + 1/63*(10*w - 49)*x + 1/147*(-23*w + 56))
 *********************** Record **********************/
rec< G0BelyiRecord |
        passport := [[4,2,1],[4,2,1],[3,3,1]],
        p        := 0,
        defpoly  := [-7,0,1],
        coeffs_p := [[0,0],[0,0],[0,0],[0,0],[-16/9,-5/9],[1,2/7],[2,5/7],[-9/7,-24/49]],
        coeffs_r := [[8/21,-23/147],[-7/9,10/63],[-2/3,-1/21],[1,0]]
>
/**************** End Solution ***********************/
,
/**************** Begin Solution *********************
    passport = [[4,2,1],[4,2,1],[3,3,1]]
    field = Number Field with defining polynomial z^8 - 2*z^7 + 6*z^6 + 12*z^4 - 6*z^3 + 4*z^2 - 8*z + 3 over the Rational Field
    phi = (1/443205*(-251104*w^7 + 205872*w^6 - 1085040*w^5 - 1501320*w^4 - 4029408*w^3 - 2293248*w^2 - 1785736*w + 411441)*x^7 + 1/21105*(1414*w^7 + 17180*w^6 - 16875*w^5 + 91040*w^4 + 112968*w^3 + 230742*w^2 + 82067*w + 77415)*x^6 + 1/21105*(45080*w^7 - 80712*w^6 + 250920*w^5 + 70380*w^4 + 513000*w^3 - 99744*w^2 + 150284*w - 251211)*x^5 + 1/1809*(-2962*w^7 + 4500*w^6 - 15495*w^5 - 8148*w^4 - 37800*w^3 - 2802*w^2 - 12781*w + 13407)*x^4)/(x^3 + 1/7035*(4522*w^7 - 9516*w^6 + 28795*w^5 - 760*w^4 + 49704*w^3 - 8566*w^2 + 17813*w - 21423)*x^2 + 1/21105*(-15176*w^7 + 35240*w^6 - 104200*w^5 + 22020*w^4 - 162552*w^3 + 41952*w^2 - 54748*w + 36465)*x + 1/147735*(11130*w^7 - 55444*w^6 + 135915*w^5 - 174100*w^4 + 45720*w^3 - 190038*w^2 - 3407*w + 62373))
 *********************** Record **********************/
rec< G0BelyiRecord |
        passport := [[4,2,1],[4,2,1],[3,3,1]],
        p        := 0,
        defpoly  := [3,-8,4,-6,12,0,6,-2,1],
        coeffs_p := [[0,0,0,0,0,0,0,0],[0,0,0,0,0,0,0,0],[0,0,0,0,0,0,0,0],[0,0,0,0,0,0,0,0],[4469/603,-12781/1809,-934/603,-1400/67,-2716/603,-5165/603,500/201,-2962/1809],[-83737/7035,150284/21105,-33248/7035,11400/469,1564/469,5576/469,-8968/2345,1288/603],[5161/1407,82067/21105,25638/2345,12552/2345,18208/4221,-375/469,3436/4221,202/3015],[137147/147735,-1785736/443205,-764416/147735,-447712/49245,-100088/29547,-24112/9849,68624/147735,-35872/63315]],
        coeffs_r := [[20791/49245,-3407/147735,-63346/49245,1016/3283,-34820/29547,9061/9849,-55444/147735,106/1407],[2431/1407,-54748/21105,13984/7035,-54184/7035,1468/1407,-20840/4221,7048/4221,-2168/3015],[-7141/2345,17813/7035,-8566/7035,16568/2345,-152/1407,5759/1407,-3172/2345,646/1005],[1,0,0,0,0,0,0,0]]
>
/**************** End Solution ***********************/

] *]
