// This is   belyi-421-421-421.m


[* [[4,2,1],[4,2,1],[4,2,1]],
[

/**************** Begin Solution *********************
    passport = [[4,2,1],[4,2,1],[4,2,1]]
    field = Number Field with defining polynomial z^4 + 2*z^3 + z^2 + 2*z + 1 over the Rational Field
    phi = (1/49*(-4*w^3 + 2*w^2 + 12*w - 3)*x^7 + 1/7*(2*w^3 - w^2 - 6*w - 2)*x^6 + 1/7*(-2*w^3 + w^2 + 6*w + 9)*x^5 - x^4)/(x^3 + 1/7*(-2*w^3 + w^2 + 6*w - 12)*x^2 + 1/7*(2*w^3 - w^2 - 6*w + 5)*x + 1/49*(-4*w^3 + 2*w^2 + 12*w - 3))
 *********************** Record **********************/
rec< G0BelyiRecord |
        passport := [[4,2,1],[4,2,1],[4,2,1]],
        p        := 0,
        defpoly  := [1,2,1,2,1],
        coeffs_p := [[0,0,0,0],[0,0,0,0],[0,0,0,0],[0,0,0,0],[-1,0,0,0],[9/7,6/7,1/7,-2/7],[-2/7,-6/7,-1/7,2/7],[-3/49,12/49,2/49,-4/49]],
        coeffs_r := [[-3/49,12/49,2/49,-4/49],[5/7,-6/7,-1/7,2/7],[-12/7,6/7,1/7,-2/7],[1,0,0,0]]
>
/**************** End Solution ***********************/
,
/**************** Begin Solution *********************
    passport = [[4,2,1],[4,2,1],[4,2,1]]
    field = Number Field with defining polynomial z^12 - 11679722/3*z^10 + 115571664263261/27*z^8 - 736943751013796*z^6 + 1498046324499369855*z^4 - 111035800619304750*z^2 + 2482125145565625 over the Rational Field
    phi = (1/67017378930271875*(27*w^11 - 105117498*w^9 + 115571664263261*w^7 - 19897481277372492*w^5 + 40447250761482986085*w^3 - 2997966616721228250*w)*x^7 + 1/8961347279254036921590482236018057165986683820441600000*(-12636234532099612998500864960934976684032*w^11 + 79980876152566297950904199607793617675*w^10 + 49195902153907852043358839834420462581991866368*w^9 - 311384801918116765398485437528397199607626075*w^8 - 54088542773912645449920395798995794876129013557886976*w^7 + 342352711504305119943979979833079497887741915453150*w^6 + 9312194074775548200368431061983208117629142822364905472*w^5 - 58951360097935183255968871280318263652669502718280550*w^4 - 18929664696323839860267414854166537577456527069501440655360*w^3 + 119816618338355088427513247596387707825556297278150678375*w^2 + 1403074418084986276822260144762712433508435847160266752000*w - 10425690644667775232579886490877931724590189908101599375)*x^6 + 1/8961347279254036921590482236018057165986683820441600000*(15195500556487839877897445759868105928143*w^11 
- 239942628457698893852712598823380853025*w^10 - 59159740712460416413565855089165061271962850207*w^9 + 934154405754350296195456312585191598822878225*w^8 + 65043306968985915641863727359322246800735545751871174*w^7 - 1027058134512915359831939939499238493663225746359450*w^6 - 11198210284870015492252982238111560407201465301542668078*w^5 + 176854080293805549767906613840954790958008508154841650*w^4 + 22763560604420107086530593332765160499241735346872652027515*w^3 - 359449855015065265282539742789163123476668891834452035125*w^2 - 1680706240476684797075866169505011815479689823038253943875*w + 31277071934003325697739659472633795173770569724304798125)*x^5 + 1/1194846303900538256212064298135740955464891176058880000*(-853088674796075626465526932977709748037*w^11 + 26660292050855432650301399869264539225*w^10 + 3321279519517521456735671751581532896656994613*w^9 - 103794933972705588466161812509465733202542025*w^8 - 3651588065024423397314443853442150641535510731328066*w^7 + 
114117570501435039981326659944359832629247305151050*w^6 + 628672070031489097294850392042784096524107493059254202*w^5 - 19650453365978394418656290426772754550889834239426850*w^4 - 1277965302698755742087726159532874307261736092457070457385*w^3 + 39938872779451696142504415865462569275185432426050226125*w^2 + 92543940797232840084535341580766460657084658625995730625*w - 3176518638914123846806946089092042002663840508685813125)*x^4)/(x^3 + 1/8961347279254036921590482236018057165986683820441600000*(-160095589841521398482039033730669536523*w^11 + 623290638854969807676236439302530867863052827*w^9 - 685278201453705509796262002636464746903647412034014*w^7 + 117886975696788259054324818658553330232469573523907558*w^5 - 239814844157496271048477538826577031469514317354616205415*w^3 - 14915306126493675554230021051215523652165967770330792625*w - 13442020918881055382385723354027085748980025730662400000)*x^2 + 1/8961347279254036921590482236018057165986683820441600000*(160095589841521398482039033730669536523*w^11 + 
79980876152566297950904199607793617675*w^10 - 623290638854969807676236439302530867863052827*w^9 - 311384801918116765398485437528397199607626075*w^8 + 685278201453705509796262002636464746903647412034014*w^7 + 342352711504305119943979979833079497887741915453150*w^6 - 117886975696788259054324818658553330232469573523907558*w^5 - 58951360097935183255968871280318263652669502718280550*w^4 + 239814844157496271048477538826577031469514317354616205415*w^3 + 119816618338355088427513247596387707825556297278150678375*w^2 + 14915306126493675554230021051215523652165967770330792625*w - 1464343365413738310989404254859874558603506087659999375)*x + 1/125458861909556516902266751304252800323813573486182400000*(-3199648383754312473324736933855807390203*w^11 - 559866133067964085656329397254555323725*w^10 + 12457001113972443600911961011954722161423195147*w^9 + 2179693613426817357789398062698780397253382525*w^8 - 13695877000888092231128379570872310912221121842120254*w^7 - 2396468980530135839607859858831556485214193408172050*w^6 + 
2357564112881620328101850450762565610502200773273392838*w^5 + 412659520685546282791782098962227845568686519027963850*w^4 - 4793155284726252310457088633904931047663265546789676193815*w^3 - 838716328368485618992592733174713954778894080947054748625*w^2 + 217970597885723818036685940537437287362590104796664021375*w + 41615119035285297402492517610082321991177935985165595625))
 *********************** Record **********************/
rec< G0BelyiRecord |
        passport := [[4,2,1],[4,2,1],[4,2,1]],
        p        := 0,
        defpoly  := [2482125145565625,0,-111035800619304750,0,1498046324499369855,0,-736943751013796,0,115571664263261/27,0,-11679722/3,0,1],
