// This is   belyi-52-331-2221.m
//load "format.m";

BelyiRecords_52_331_2221 := function()
records := [ ];
passport := [[5,2],[3,3,1],[2,2,2,1]];

/**************** Begin Solution *********************
    passport = [[5,2],[3,3,1],[2,2,2,1]]
    field = Number Field with defining polynomial z^6 - z^5 - 13*z^4 + 27*z^3 + 78*z^2 - 176*z + 64 over the Rational Field
    phi = (1/413952*(-181099*w^5 - 83873*w^4 + 2236185*w^3 - 1613649*w^2 - 16550440*w + 7674528)*x^7 + 1/295680*(364633*w^5 + 156961*w^4 - 4518211*w^3 + 3394453*w^2 + 33312648*w - 16707104)*x^6 + 1/19712*(-23139*w^5 - 10503*w^4 + 287073*w^3 - 212139*w^2 - 2120904*w + 1043552)*x^5 + 1/59136*(26195*w^5 + 14515*w^4 - 325065*w^3 + 223695*w^2 + 2423120*w - 999360)*x^4 + 1/4224*(-365*w^5 - 80*w^4 + 4655*w^3 - 4790*w^2 - 33240*w + 22720)*x^3)/(x^2 + 1/18480*(-367*w^5 + 511*w^4 + 4899*w^3 - 8997*w^2 - 28882*w + 36816)*x + 1/103488*(-179*w^5 - 593*w^4 + 2555*w^3 - 4589*w^2 - 25110*w + 47896))
 *********************** Record **********************/
record := rec< G0BelyiRecord |
        passport := [[5,2],[3,3,1],[2,2,2,1]],
        p        := 0,
        defpoly  := [64,-176,78,27,-13,-1,1],
        coeffs_p := [[0,0,0,0,0,0],[0,0,0,0,0,0],[0,0,0,0,0,0],[355/66,-1385/176,-2395/2112,4655/4224,-5/264,-365/4224],[-5205/308,21635/528,74565/19712,-108355/19712,14515/59136,26195/59136],[32611/616,-265113/2464,-212139/19712,287073/19712,-10503/19712,-23139/19712],[-522097/9240,1388027/12320,3394453/295680,-4518211/295680,22423/42240,364633/295680],[79943/4312,-2068805/51744,-537883/137984,106485/19712,-83873/413952,-181099/413952]],
        coeffs_r := [[5987/12936,-4185/17248,-4589/103488,365/14784,-593/103488,-179/103488],[767/385,-2063/1320,-2999/6160,1633/6160,73/2640,-367/18480],[1,0,0,0,0,0]]>;
Append(~records, record);
/**************** Record *****************************/

return records, passport;
end function;

