// This is   belyi-5-5-221.m


[* [[5],[5],[2,2,1]],
[

/**************** Begin Solution *********************
    passport = [[5],[5],[2,2,1]]
    field = Number Field with defining polynomial z^4 - 227880 over the Rational Field
    curve = Hyperelliptic Curve defined by y^2 = x^3 + 2*x - 6214/6010335*w^2 over F
    map = (5/3798*w^3*x^3 + 2454/211*w*x^2 + 456953/10017225*w^3*x + 21593516/2003445*w)/(x^5 - 113/3798*w^2*x^4 + 51076/633*x^3 - 2885794/6010335*w^2*x^2 + 652189444/2003445*x - 36848703586/95113551375*w^2)*y + (x^5 + 637/3798*w^2*x^4 + 294676/633*x^3 + 4531826/6010335*w^2*x^2 + 1455270436/2003445*x - 16470523414/95113551375*w^2)/(x^5 - 113/3798*w^2*x^4 + 51076/633*x^3 - 2885794/6010335*w^2*x^2 + 652189444/2003445*x - 36848703586/95113551375*w^2)
    j = 46969655/32768
 **************** Record *****************************/
rec< HypBelyiRecord |
        passport := [[5],[5],[2,2,1]],
        defpoly  := [-227880,0,0,0,1],
        coeffs_f := [[0,0,-6214/6010335,0],[2,0,0,0],[0,0,0,0],[1,0,0,0]],
        coeffs_h := [],
        coeffs_p := [[0,0,-16470523414/95113551375,0],[1455270436/2003445,0,0,0],[0,0,4531826/6010335,0],[294676/633,0,0,0],[0,0,637/3798,0],[1,0,0,0]],
        coeffs_q := [[0,21593516/2003445,0,0],[0,0,0,456953/10017225],[0,2454/211,0,0],[0,0,0,5/3798]],
        coeffs_r := [[0,0,-36848703586/95113551375,0],[652189444/2003445,0,0,0],[0,0,-2885794/6010335,0],[51076/633,0,0,0],[0,0,-113/3798,0],[1,0,0,0]]
>
/**************** End Solution ***********************/
,
/**************** Begin Solution *********************
    passport = [[5],[5],[2,2,1]]
    field = Number Field with defining polynomial z^4 + 10 over the Rational Field
    curve = Hyperelliptic Curve defined by y^2 = x^3 - 5275/6144*x + 77675/1769472*w^2 over F
    map = (-4/25*w^3*x - 1/24*w)*y + x^2 + 1/96*w^2*x + 463/18432
    j = 46969655/32768
 **************** Record *****************************/
rec< HypBelyiRecord |
        passport := [[5],[5],[2,2,1]],
        defpoly  := [10,0,0,0,1],
        coeffs_f := [[0,0,77675/1769472,0],[-5275/6144,0,0,0],[0,0,0,0],[1,0,0,0]],
        coeffs_h := [],
        coeffs_p := [[463/18432,0,0,0],[0,0,1/96,0],[1,0,0,0]],
        coeffs_q := [[0,-1/24,0,0],[0,0,0,-4/25]],
        coeffs_r := [[1,0,0,0]]
>
/**************** End Solution ***********************/
,
/**************** Begin Solution *********************
    passport = [[5],[5],[2,2,1]]
    field = Number Field with defining polynomial z^4 - 45576 over the Rational Field
    curve = Hyperelliptic Curve defined by y^2 = x^3 + 10*x - 31070/1202067*w^2 over F
    map = (25/3798*w^3*x^3 + 12270/211*w*x^2 + 456953/400689*w^3*x + 107967580/400689*w)/(x^5 - 565/3798*w^2*x^4 + 255380/633*x^3 - 14428970/1202067*w^2*x^2 + 3260947220/400689*x - 36848703586/760908411*w^2)*y + (x^5 + 3185/3798*w^2*x^4 + 1473380/633*x^3 + 22659130/1202067*w^2*x^2 + 7276352180/400689*x - 16470523414/760908411*w^2)/(x^5 - 565/3798*w^2*x^4 + 255380/633*x^3 - 14428970/1202067*w^2*x^2 + 3260947220/400689*x - 36848703586/760908411*w^2)
    j = 46969655/32768
 **************** Record *****************************/
rec< HypBelyiRecord |
        passport := [[5],[5],[2,2,1]],
        defpoly  := [-45576,0,0,0,1],
        coeffs_f := [[0,0,-31070/1202067,0],[10,0,0,0],[0,0,0,0],[1,0,0,0]],
        coeffs_h := [],
        coeffs_p := [[0,0,-16470523414/760908411,0],[7276352180/400689,0,0,0],[0,0,22659130/1202067,0],[1473380/633,0,0,0],[0,0,3185/3798,0],[1,0,0,0]],
        coeffs_q := [[0,107967580/400689,0,0],[0,0,0,456953/400689],[0,12270/211,0,0],[0,0,0,25/3798]],
        coeffs_r := [[0,0,-36848703586/760908411,0],[3260947220/400689,0,0,0],[0,0,-14428970/1202067,0],[255380/633,0,0,0],[0,0,-565/3798,0],[1,0,0,0]]
>
/**************** End Solution ***********************/

] *]
