// This is   belyi-61-331-3211.m


[* [[6,1],[3,3,1],[3,2,1,1]],
[

/**************** Begin Solution *********************
    passport = [[6,1],[3,3,1],[3,2,1,1]]
    field = Number Field with defining polynomial z^12 - 564/5*z^11 - 6837927/50*z^10 + 541475759/25*z^9 + 578755314177/400*z^8 - 34355499309/25*z^7 + 14367461399/8*z^6 + 30507604596/25*z^5 - 40713097803/80*z^4 - 2154617269/25*z^3 + 1086514926/25*z^2 + 260575728/25*z + 1882384/25 over the Rational Field
    phi = (1/30118144*(-400*w^11 + 45120*w^10 + 54703416*w^9 - 8663612144*w^8 - 578755314177*w^7 + 549687988944*w^6 - 718373069950*w^5 - 488121673536*w^4 + 203565489015*w^3 + 34473876304*w^2 - 17384238816*w - 4169211648)*x^7 + 1/871927559863908249465770743609180252372222025352635075396312245584683686708224*(41334419250780888325549256088612932741983473137953814804437616427893888400*w^11 - 4662479069822251688709616187579826985649873170406332495188816853880568776320*w^10 - 5652839710834385002967374970604531768515100295312134805666336223683596609245496*w^9 + 895257501415572070371218684800392335778428951622186732914190440700384297333412816*w^8 + 59807225335909382770227211435511027539846219512964139240996340812886327225293710849*w^7 - 56739419287561629255266654029814560949473361551167831332325115868256820625050810836*w^6 + 74196643315810846292031045694462013811224818758243218916174194976995949718517198670*w^5 + 50489680131504851581871623010861201735993388234512427859397741149385063208145775624*w^4 - 20944386896566238794788759618743658283143236524318222657575847134336988535566211671*w^3 - 3575420180827033437449199301028978499759043028191815292444305914089462994957014260*w^2 + 1780399306108664123111570029212759884635478397010258201940616143826670742446868656*w + 438078070740440754844424287491580456407955356706806346280155476188332715965224000)*x^6 + 1/290642519954636083155256914536393417457407341784211691798770748528227895569408*(-18178258796465714841992742694305573963437382325850285250813443634004926800*w^11 + 2050488262409620476963370051390465738060215677282551990347197224264560653440*w^10 + 2486034290598145076463341168401720858615022843384484230126051297689462068331352*w^9 - 393720813094207331327525901416104530658379600286647209698432241610703797365875344*w^8 - 26302325284117537302790858826915883354977838245669710736624989605684312879995966749*w^7 + 24952468778474985252040555689222458592526858993148795398557903010113886836291938436*w^6 - 32652851296731286586267957494662191303124211512239942338706833444539636045717518678*w^5 - 22177006068513574292927592535323563266910168946682617405357632276483773224038256616*w^4 + 9173473527182015821783704721256770657745837344297691752177761292507932064905095131*w^3 + 1562022426698922566351745816507804371989662715836403265481867051704329893335998244*w^2 - 770956071157969468845107722186687826856657837345598937447504892177524052365704048*w - 197396986485711743643121805388610166301608222600945504163528394826150592078744384)*x^5 + 1/290642519954636083155256914536393417457407341784211691798770748528227895569408*(10464244058297463448102545040704636633197764852136638355111479354539134000*w^11 - 1180383537695422255530948618097043241154699151969899063722796245842819344000*w^10 - 1431072810720232589912756282623492608565058782885481185184631368706329419487720*w^9 + 226647674652252218267132843428503960452101798683388647912121154994688479222810992*w^8 + 15140223593806587097444766559111060752240854392627533563900745179744182394554471547*w^7 - 14403777163813896300612544412762430647672444254408944139300511379943226236263794892*w^6 + 18863669922197683669927636683589248159244713662455316888319835390924769527187722490*w^5 + 12680889740943261121659587918997735031987915037473747833645932386206203031184080568*w^4 - 5268067241717111375594623867977894537547453129668452327040400130323801542101343181*w^3 - 870655612695784645857305029363435287164800057202612078065731247829492730348511916*w^2 + 431106370383638631783948105464508022584236950957915219662574905315275951801474320*w + 117862640679683273377034403962651755949586531960163264495697242732466123107996608)*x^4 + 1/17794439997222617336036137624677148007596367864339491334618617256830279320576*(-134985608349358110246947070013396762489623985933900190622849738623510800*w^11 + 15227948815782477929372016726630181043642751998091499242751104159333485440*w^10 + 18460256348623011838032722697315133947248354854108171083100693341574110046072*w^9 - 2923872284265803299350879982560137195909609615196760937701593496071389651437776*w^8 - 195274902838379784091239965873448727330634231024293744298733304723774052986129657*w^7 + 187752432429286538762644306737518896661976858284464481381006827523946365930345796*w^6 - 246065371074903218165888554313128022970122889507912332168969796937208027071999390*w^5 - 160101920761189253542767222941120363197653405366753345249848715144932808929173224*w^4 + 68218599091416611626918155309460941017334373273882427131933076058572831261722399*w^3 + 10094303301093147763615310149699677171423773390055830953360797372905815411919332*w^2 - 5227114006333148669282857663942539651608274653364845231413684845211287667624432*w - 1606092396225691516750570546743173268827155239160263034298986185783589903395648)*x^3)/(x + 1/435963779931954124732885371804590126186111012676317537698156122792341843354112*(-1008302843601378706137173821753341987659885068756347608448568249398800*w^11 + 119759519288324817784416879220982633793422656130123212029763882198871040*w^10 + 137212900178747632305653204866154267870376459331531479716081360338328170232*w^9 - 22662356821385704465257815820435321515424751840274132630352802973896109881744*w^8 - 1328212918499632242719700370048312618387836297706927585615566384401634926661321*w^7 + 10062547507384082067290322229429894455947024414248725428216997687925142048174412*w^6 - 12589135391339354053008983327213791175865264046385730450454812257979579800735102*w^5 + 12548208551404444632855955245703302548824459985485590078213628423672899603929224*w^4 + 3906750927822116745558024117875661771589038295200902141857311091190350160704335*w^3 - 4335906277235920741847776922280937621800547396140109663283467802812741952960212*w^2 + 721847669449846922644038795747668217031578535599420632977050638399829400823184*w - 397554076864230957207382914252270004269353591780333101051348147390532265790656))
 *********************** Record **********************/
rec< G0BelyiRecord |
        passport := [[6,1],[3,3,1],[3,2,1,1]],
        p        := 0,
        defpoly  := [1882384/25,260575728/25,1086514926/25,-2154617269/25,-40713097803/80,30507604596/25,14367461399/8,-34355499309/25,578755314177/400,541475759/25,-6837927/50,-564/5,1],
