// This is   belyi-61-52-22111.m
//load "format.m";

BelyiRecords_61_52_22111 := function()
records := [ ];
passport := [[6,1],[5,2],[2,2,1,1,1]];

/**************** Begin Solution *********************
    passport = [[6,1],[5,2],[2,2,1,1,1]]
    field = Number Field with defining polynomial z^6 - 2*z^5 + 8*z^4 - 24*z^3 + 12*z^2 + 2*z - 2 over the Rational Field
    phi = (1/940625*(-321648*w^5 + 750528*w^4 - 2709336*w^3 + 8339751*w^2 - 6618210*w + 1718594)*x^7 + 1/134375*(132078*w^5 - 311758*w^4 + 1117846*w^3 - 3445286*w^2 + 2791810*w - 733884)*x^6 + 1/134375*(-94164*w^5 + 224004*w^4 - 799548*w^3 + 2466393*w^2 - 2026530*w + 563817)*x^5)/(x + 1/1505*(-90*w^5 + 218*w^4 - 770*w^3 + 2380*w^2 - 2018*w - 660))
 *********************** Record **********************/
record := rec< G0BelyiRecord |
        passport := [[6,1],[5,2],[2,2,1,1,1]],
        p        := 0,
        defpoly  := [-2,2,12,-24,8,-2,1],
        coeffs_p := [[0,0,0,0,0,0],[0,0,0,0,0,0],[0,0,0,0,0,0],[0,0,0,0,0,0],[0,0,0,0,0,0],[563817/134375,-405306/26875,2466393/134375,-799548/134375,224004/134375,-94164/134375],[-733884/134375,558362/26875,-3445286/134375,1117846/134375,-311758/134375,132078/134375],[1718594/940625,-1323642/188125,1191393/134375,-387048/134375,750528/940625,-321648/940625]],
        coeffs_r := [[-132/301,-2018/1505,68/43,-22/43,218/1505,-18/301],[1,0,0,0,0,0]]>;
Append(~records, record);
/**************** Record *****************************/

return records, passport;
end function;


