// This is   belyi-61-322-3211.m


[* [[6,1],[3,2,2],[3,2,1,1]],
[

/**************** Begin Solution *********************
    passport = [[6,1],[3,2,2],[3,2,1,1]]
    field = Number Field with defining polynomial z^6 - 9*z^4 - 10*z^3 + 21*z^2 + 42*z + 17 over the Rational Field
    phi = (1/14*(39*w^5 + 87*w^4 - 152*w^3 - 717*w^2 - 795*w - 246)*x^7 + 1/5*(-52*w^5 - 109*w^4 + 210*w^3 + 920*w^2 + 978*w + 277)*x^6 + 1/25*(369*w^5 + 708*w^4 - 1590*w^3 - 6195*w^2 - 5991*w - 1314)*x^5 + 1/5*(-48*w^5 - 81*w^4 + 230*w^3 + 750*w^2 + 582*w + 23)*x^4 + 1/2*(5*w^5 + 7*w^4 - 28*w^3 - 71*w^2 - 29*w + 24)*x^3)/(x + 1/175*(8*w^5 + 6*w^4 - 80*w^3 - 90*w^2 + 188*w + 152))
 *********************** Record **********************/
rec< G0BelyiRecord |
        passport := [[6,1],[3,2,2],[3,2,1,1]],
        p        := 0,
        defpoly  := [17,42,21,-10,-9,0,1],
        coeffs_p := [[0,0,0,0,0,0],[0,0,0,0,0,0],[0,0,0,0,0,0],[12,-29/2,-71/2,-14,7/2,5/2],[23/5,582/5,150,46,-81/5,-48/5],[-1314/25,-5991/25,-1239/5,-318/5,708/25,369/25],[277/5,978/5,184,42,-109/5,-52/5],[-123/7,-795/14,-717/14,-76/7,87/14,39/14]],
        coeffs_r := [[152/175,188/175,-18/35,-16/35,6/175,8/175],[1,0,0,0,0,0]]
>
/**************** End Solution ***********************/

] *]
