// This is   belyi-52-421-2221.m


[* [[5,2],[4,2,1],[2,2,2,1]],
[

/**************** Begin Solution *********************
    passport = [[5,2],[4,2,1],[2,2,2,1]]
    field = Number Field with defining polynomial z^9 - 3*z^8 + 2*z^7 - 2*z^6 - 10*z^5 + 6*z^4 - 12*z^3 + 12*z^2 - 5*z - 5 over the Rational Field
    phi = (1/934528*(-3069*w^8 + 2368*w^7 - 44286*w^6 - 223740*w^5 - 86782*w^4 - 78924*w^3 - 211916*w^2 + 104340*w - 284135)*x^7 + 1/66752*(-2525*w^8 + 20242*w^7 - 27182*w^6 + 40198*w^5 + 47294*w^4 - 68514*w^3 + 115460*w^2 - 134790*w + 117125)*x^6 + 1/133504*(32453*w^8 - 144264*w^7 + 169198*w^6 - 138156*w^5 - 313922*w^4 + 497156*w^3 - 635412*w^2 + 813620*w - 504945)*x^5 + 1/33376*(-8820*w^8 + 31705*w^7 - 30760*w^6 + 30065*w^5 + 74670*w^4 - 101675*w^3 + 137600*w^2 - 170525*w + 99250)*x^4)/(x^2 + 1/2086*(-191*w^8 + 488*w^7 - 260*w^6 + 764*w^5 + 1654*w^4 - 658*w^3 + 3096*w^2 - 2710*w - 1287)*x + 1/29204*(855*w^8 - 1718*w^7 + 461*w^6 - 4016*w^5 - 8511*w^4 - 3442*w^3 - 18049*w^2 + 11000*w + 7564))
 *********************** Record **********************/
rec< G0BelyiRecord |
        passport := [[5,2],[4,2,1],[2,2,2,1]],
        p        := 0,
        defpoly  := [-5,-5,12,-12,6,-10,-2,2,-3,1],
        coeffs_p := [[0,0,0,0,0,0,0,0,0],[0,0,0,0,0,0,0,0,0],[0,0,0,0,0,0,0,0,0],[0,0,0,0,0,0,0,0,0],[49625/16688,-170525/33376,4300/1043,-14525/4768,37335/16688,4295/4768,-3845/4172,31705/33376,-315/1192],[-72135/19072,203405/33376,-158853/33376,124289/33376,-22423/9536,-34539/33376,84599/66752,-18033/16688,32453/133504],[117125/66752,-67395/33376,28865/16688,-34257/33376,23647/33376,20099/33376,-13591/33376,10121/33376,-2525/66752],[-284135/934528,26085/233632,-52979/233632,-19731/233632,-43391/467264,-55935/233632,-22143/467264,37/14602,-3069/934528]],
        coeffs_r := [[1891/7301,2750/7301,-18049/29204,-1721/14602,-8511/29204,-1004/7301,461/29204,-859/14602,855/29204],[-1287/2086,-1355/1043,1548/1043,-47/149,827/1043,382/1043,-130/1043,244/1043,-191/2086],[1,0,0,0,0,0,0,0,0]]
>
/**************** End Solution ***********************/

] *]
