// This is   belyi-6-6-2211.m


[* [[6],[6],[2,2,1,1]],
[

/**************** Begin Solution *********************
    passport = [[6],[6],[2,2,1,1]]
    field = Number Field with defining polynomial z^6 + 20 over the Rational Field
    curve = Hyperelliptic Curve defined by y^2 = x^3 - 21/320*w^2*x + 13/640 over F
    map = (3/4*w^5*x - 1/16*w^3)*y + 5*x^3 - 9/16*w^4*x^2 - 15/64*w^2*x + 25/256
    j = 9261/8
 **************** Record *****************************/
rec< HypBelyiRecord |
        passport := [[6],[6],[2,2,1,1]],
        defpoly  := [20,0,0,0,0,0,1],
        coeffs_f := [[13/640,0,0,0,0,0],[0,0,-21/320,0,0,0],[0,0,0,0,0,0],[1,0,0,0,0,0]],
        coeffs_h := [],
        coeffs_p := [[25/256,0,0,0,0,0],[0,0,-15/64,0,0,0],[0,0,0,0,-9/16,0],[5,0,0,0,0,0]],
        coeffs_q := [[0,0,0,-1/16,0,0],[0,0,0,0,0,3/4]],
        coeffs_r := [[1,0,0,0,0,0]]
>
/**************** End Solution ***********************/
,
/**************** Begin Solution *********************
    passport = [[6],[6],[2,2,1,1]]
    field = Number Field with defining polynomial z^6 - 3*z^5 + 6*z^4 - 7*z^3 - 30*z^2 + 33*z + 49 over the Rational Field
    curve = Hyperelliptic Curve defined by y^2 = x^3 + 1/64*(21*w^4 - 42*w^3 + 126*w^2 - 105*w - 420)*x + 39/128 over F
    map = (1/70*(54*w^5 - 135*w^4 + 414*w^3 - 486*w^2 - 603*w + 378)*x + 1/280*(-36*w^5 + 90*w^4 - 276*w^3 + 324*w^2 + 612*w - 357))/(x^6 + 1/8*(-9*w^4 + 18*w^3 - 63*w^2 + 54*w + 171)*x^5 + 1/64*(135*w^4 - 270*w^3 + 810*w^2 - 675*w - 2700)*x^4 + 405/64*x^3 + 1/4096*(-3645*w^4 + 7290*w^3 - 25515*w^2 + 21870*w + 69255)*x^2 + 1/8192*(2187*w^4 - 4374*w^3 + 13122*w^2 - 10935*w - 43740)*x + 6561/65536)*y + (3*x^3 + 1/16*(27*w^4 - 54*w^3 + 189*w^2 - 162*w - 513)*x^2 + 1/64*(45*w^4 - 90*w^3 + 270*w^2 - 225*w - 900)*x + 225/256)/(x^6 + 1/8*(-9*w^4 + 18*w^3 - 63*w^2 + 54*w + 171)*x^5 + 1/64*(135*w^4 - 270*w^3 + 810*w^2 - 675*w - 2700)*x^4 + 405/64*x^3 + 1/4096*(-3645*w^4 + 7290*w^3 - 25515*w^2 + 21870*w + 69255)*x^2 + 1/8192*(2187*w^4 - 4374*w^3 + 13122*w^2 - 10935*w - 43740)*x + 6561/65536)
    j = 9261/8
 **************** Record *****************************/
rec< HypBelyiRecord |
        passport := [[6],[6],[2,2,1,1]],
        defpoly  := [49,33,-30,-7,6,-3,1],
        coeffs_f := [[39/128,0,0,0,0,0],[-105/16,-105/64,63/32,-21/32,21/64,0],[0,0,0,0,0,0],[1,0,0,0,0,0]],
        coeffs_h := [],
        coeffs_p := [[225/256,0,0,0,0,0],[-225/16,-225/64,135/32,-45/32,45/64,0],[-513/16,-81/8,189/16,-27/8,27/16,0],[3,0,0,0,0,0]],
        coeffs_q := [[-51/40,153/70,81/70,-69/70,9/28,-9/70],[27/5,-603/70,-243/35,207/35,-27/14,27/35]],
        coeffs_r := [[6561/65536,0,0,0,0,0],[-10935/2048,-10935/8192,6561/4096,-2187/4096,2187/8192,0],[69255/4096,10935/2048,-25515/4096,3645/2048,-3645/4096,0],[405/64,0,0,0,0,0],[-675/16,-675/64,405/32,-135/32,135/64,0],[171/8,27/4,-63/8,9/4,-9/8,0],[1,0,0,0,0,0]]
>
/**************** End Solution ***********************/
,
/**************** Begin Solution *********************
    passport = [[6],[6],[2,2,1,1]]
    field = Number Field with defining polynomial z^3 + 6 over the Rational Field
    curve = Hyperelliptic Curve defined by y^2 = x^3 - 1/9*w*x - 7/162 over F
    map = 6*x^3 - w^2*x^2 - 1/3*w*x - 1/27
    j = 2048/3
 **************** Record *****************************/
rec< HypBelyiRecord |
        passport := [[6],[6],[2,2,1,1]],
        defpoly  := [6,0,0,1],
        coeffs_f := [[-7/162,0,0],[0,-1/9,0],[0,0,0],[1,0,0]],
        coeffs_h := [],
        coeffs_p := [[-1/27,0,0],[0,-1/3,0],[0,0,-1],[6,0,0]],
        coeffs_q := [],
        coeffs_r := [[1,0,0]]
>
/**************** End Solution ***********************/
,
/**************** Begin Solution *********************
    passport = [[6],[6],[2,2,1,1]]
    field = Rational Field
    curve = Hyperelliptic Curve defined by y^2 = x^3 + 2/3*x - 7/27 over Rational Field
    map = (27*x^3 - 27*x^2 + 9*x - 1)/27
    j = 2048/3
 **************** Record *****************************/
rec< HypBelyiRecord |
        passport := [[6],[6],[2,2,1,1]],
        defpoly  := [-1,1],
        coeffs_f := [[-7/27],[2/3],[0],[1]],
        coeffs_h := [],
        coeffs_p := [[-1],[9],[-27],[27]],
        coeffs_q := [],
        coeffs_r := [[27]]
>
/**************** End Solution ***********************/
,
/**************** Begin Solution *********************
    passport = [[6],[6],[2,2,1,1]]
    field = Number Field with defining polynomial z^4 + 2*z^2 + 4 over the Rational Field
    curve = Hyperelliptic Curve defined by y^2 = x^3 + 3*x + 7/8*w^3 over F
    map = (x^3 + 1/4*(3*w^3 + 18*w)*x^2 + 1/4*(9*w^2 - 30)*x + 1/8*(w^3 - 36*w))/(x^3 + 1/2*(-3*w^3 - 9*w)*x^2 + 1/4*(-9*w^2 - 48)*x + 1/8*(19*w^3 + 36*w))
    j = 2048/3
 **************** Record *****************************/
rec< HypBelyiRecord |
        passport := [[6],[6],[2,2,1,1]],
        defpoly  := [4,0,2,0,1],
        coeffs_f := [[0,0,0,7/8],[3,0,0,0],[0,0,0,0],[1,0,0,0]],
        coeffs_h := [],
        coeffs_p := [[0,-9/2,0,1/8],[-15/2,0,9/4,0],[0,9/2,0,3/4],[1,0,0,0]],
        coeffs_q := [],
        coeffs_r := [[0,9/2,0,19/8],[-12,0,-9/4,0],[0,-9/2,0,-3/2],[1,0,0,0]]
>
/**************** End Solution ***********************/
,
/**************** Begin Solution *********************
    passport = [[6],[6],[2,2,1,1]]
    field = Number Field with defining polynomial z^3 - 6 over the Rational Field
    curve = Hyperelliptic Curve defined by y^2 = x^3 + 2/3*w^2*x - 14/9 over F
    map = 6/(x^3 - w*x^2 + 1/3*w^2*x - 2/9)
    j = 2048/3
 **************** Record *****************************/
rec< HypBelyiRecord |
        passport := [[6],[6],[2,2,1,1]],
        defpoly  := [-6,0,0,1],
        coeffs_f := [[-14/9,0,0],[0,0,2/3],[0,0,0],[1,0,0]],
        coeffs_h := [],
        coeffs_p := [[6,0,0]],
        coeffs_q := [],
        coeffs_r := [[-2/9,0,0],[0,0,1/3],[0,-1,0],[1,0,0]]
>
/**************** End Solution ***********************/
,
/**************** Begin Solution *********************
    passport = [[6],[6],[2,2,1,1]]
    field = Rational Field
    curve = Hyperelliptic Curve defined by y^2 = x^3 + 2/3*x - 7/27 over Rational Field
    map = 27/(27*x^3 - 27*x^2 + 9*x - 1)
    j = 2048/3
 **************** Record *****************************/
rec< HypBelyiRecord |
        passport := [[6],[6],[2,2,1,1]],
        defpoly  := [-1,1],
        coeffs_f := [[-7/27],[2/3],[0],[1]],
        coeffs_h := [],
        coeffs_p := [[27]],
        coeffs_q := [],
        coeffs_r := [[-1],[9],[-27],[27]]
>
/**************** End Solution ***********************/
,
/**************** Begin Solution *********************
    passport = [[6],[6],[2,2,1,1]]
    field = Number Field with defining polynomial z^4 - 2 over the Rational Field
    curve = Hyperelliptic Curve defined by y^2 = x^3 + 3*x - 7/4*w^2 over F
    map = (9*w^3*x^4 + 288*w*x^3 + 432*w^3*x^2 + 144*w*x - 180*w^3)/(x^6 - 12*w^2*x^5 + 120*x^4 - 320*w^2*x^3 + 960*x^2 - 768*w^2*x + 512)*y + (x^6 + 69*w^2*x^5 + 687*x^4 + 328*w^2*x^3 + 1284*x^2 - 1092*w^2*x + 188)/(x^6 - 12*w^2*x^5 + 120*x^4 - 320*w^2*x^3 + 960*x^2 - 768*w^2*x + 512)
    j = 2048/3
 **************** Record *****************************/
rec< HypBelyiRecord |
        passport := [[6],[6],[2,2,1,1]],
        defpoly  := [-2,0,0,0,1],
        coeffs_f := [[0,0,-7/4,0],[3,0,0,0],[0,0,0,0],[1,0,0,0]],
        coeffs_h := [],
        coeffs_p := [[188,0,0,0],[0,0,-1092,0],[1284,0,0,0],[0,0,328,0],[687,0,0,0],[0,0,69,0],[1,0,0,0]],
        coeffs_q := [[0,0,0,-180],[0,144,0,0],[0,0,0,432],[0,288,0,0],[0,0,0,9]],
        coeffs_r := [[512,0,0,0],[0,0,-768,0],[960,0,0,0],[0,0,-320,0],[120,0,0,0],[0,0,-12,0],[1,0,0,0]]
>
/**************** End Solution ***********************/
,
/**************** Begin Solution *********************
    passport = [[6],[6],[2,2,1,1]]
