// This is   belyi-52-322-3211.m
//load "format.m";

BelyiRecords_52_322_3211 := function()
records := [ ];
passport := [[5,2],[3,2,2],[3,2,1,1]];

/**************** Begin Solution *********************
    passport = [[5,2],[3,2,2],[3,2,1,1]]
    field = Number Field with defining polynomial z^4 + z^3 - 9*z^2 - 29*z - 14 over the Rational Field
    phi = (1/3136*(3*w^3 + 621*w^2 + 1179*w + 483)*x^7 + 1/560*(w^3 - 593*w^2 - 1207*w - 511)*x^6 + 1/1120*(-49*w^3 + 2337*w^2 + 5703*w + 2639)*x^5 + 1/48*(5*w^3 - 85*w^2 - 275*w - 155)*x^4 + 1/192*(-15*w^3 + 95*w^2 + 505*w + 465)*x^3)/(x^2 + 1/105*(-2*w^3 - 14*w^2 + 14*w - 28)*x + 1/735*(3*w^3 + 61*w^2 + 59*w + 42))
 *********************** Record **********************/
record := rec< G0BelyiRecord |
        passport := [[5,2],[3,2,2],[3,2,1,1]],
        p        := 0,
        defpoly  := [-14,-29,-9,1,1],
        coeffs_p := [[0,0,0,0],[0,0,0,0],[0,0,0,0],[155/64,505/192,95/192,-5/64],[-155/48,-275/48,-85/48,5/48],[377/160,5703/1120,2337/1120,-7/160],[-73/80,-1207/560,-593/560,1/560],[69/448,1179/3136,621/3136,3/3136]],
        coeffs_r := [[2/35,59/735,61/735,1/245],[-4/15,2/15,-2/15,-2/105],[1,0,0,0]]>;
Append(~records, record);
/**************** Record *****************************/

return records, passport;
end function;

