// This is   belyi-61-511-2221.m


[* [[6,1],[5,1,1],[2,2,2,1]],
[

/**************** Begin Solution *********************
    passport = [[6,1],[5,1,1],[2,2,2,1]]
    field = Number Field with defining polynomial z^9 + 6*z^7 + 8*z^6 - 24*z^5 + 48*z^4 + 4*z^3 - 24*z^2 + 24*z + 24 over the Rational Field
    phi = (1/8750*(927*w^8 + 144*w^7 + 6480*w^6 + 8601*w^5 - 15276*w^4 + 49674*w^3 - 8964*w^2 + 10044*w + 10466)*x^7 + 1/22500*(-2446*w^8 - 1187*w^7 - 20290*w^6 - 31198*w^5 + 14098*w^4 - 157252*w^3 + 32172*w^2 - 87012*w - 145968)*x^6 + 1/3750*(-67*w^8 + 151*w^7 + 170*w^6 + 1079*w^5 + 6346*w^4 + 1646*w^3 - 1056*w^2 + 11376*w + 23664)*x^5)/(x + 1/1260*(-26*w^8 + 5*w^7 - 146*w^6 - 146*w^5 + 722*w^4 - 1100*w^3 + 156*w^2 + 396*w + 24))
 *********************** Record **********************/
rec< G0BelyiRecord |
        passport := [[6,1],[5,1,1],[2,2,2,1]],
        p        := 0,
        defpoly  := [24,24,-24,4,48,-24,8,6,0,1],
        coeffs_p := [[0,0,0,0,0,0,0,0,0],[0,0,0,0,0,0,0,0,0],[0,0,0,0,0,0,0,0,0],[0,0,0,0,0,0,0,0,0],[0,0,0,0,0,0,0,0,0],[3944/625,1896/625,-176/625,823/1875,3173/1875,1079/3750,17/375,151/3750,-67/3750],[-12164/1875,-2417/625,2681/1875,-39313/5625,7049/11250,-15599/11250,-2029/2250,-1187/22500,-1223/11250],[5233/4375,5022/4375,-4482/4375,24837/4375,-7638/4375,8601/8750,648/875,72/4375,927/8750]],
        coeffs_r := [[2/105,11/35,13/105,-55/63,361/630,-73/630,-73/630,1/252,-13/630],[1,0,0,0,0,0,0,0,0]]
>
/**************** End Solution ***********************/

] *]
